3.078000000000000000e+03 3.078000000000000000e+03 3.078000000000000000e+03 3.078000000000000000e+03 3.078000000000000000e+03
4.281399999999999636e+03 4.335399999999999636e+03 4.330600000000000364e+03 4.311199999999999818e+03 4.304399999999999636e+03
4.611800000000000182e+03 4.688199999999999818e+03 4.672600000000000364e+03 4.674199999999999818e+03 4.693199999999999818e+03
4.937399999999999636e+03 4.971399999999999636e+03 4.960600000000000364e+03 4.945000000000000000e+03 4.908600000000000364e+03
5.102000000000000000e+03 5.137399999999999636e+03 5.081199999999999818e+03 5.054399999999999636e+03 5.036399999999999636e+03
5.197199999999999818e+03 5.199399999999999636e+03 5.152800000000000182e+03 5.127000000000000000e+03 5.116199999999999818e+03
5.234600000000000364e+03 5.263399999999999636e+03 5.186000000000000000e+03 5.177800000000000182e+03 5.171000000000000000e+03
5.292199999999999818e+03 5.279800000000000182e+03 5.200800000000000182e+03 5.196600000000000364e+03 5.192800000000000182e+03
5.315399999999999636e+03 5.300199999999999818e+03 5.229000000000000000e+03 5.215199999999999818e+03 5.212399999999999636e+03
5.344000000000000000e+03 5.317800000000000182e+03 5.242000000000000000e+03 5.236600000000000364e+03 5.230000000000000000e+03
5.361399999999999636e+03 5.321199999999999818e+03 5.254399999999999636e+03 5.242000000000000000e+03 5.254399999999999636e+03
5.388600000000000364e+03 5.315000000000000000e+03 5.263600000000000364e+03 5.251199999999999818e+03 5.269800000000000182e+03
5.408600000000000364e+03 5.323000000000000000e+03 5.260000000000000000e+03 5.269199999999999818e+03 5.286000000000000000e+03
5.422000000000000000e+03 5.326399999999999636e+03 5.276800000000000182e+03 5.267399999999999636e+03 5.287199999999999818e+03
5.429199999999999818e+03 5.316600000000000364e+03 5.275399999999999636e+03 5.287000000000000000e+03 5.300800000000000182e+03
5.450000000000000000e+03 5.312800000000000182e+03 5.280399999999999636e+03 5.290000000000000000e+03 5.305600000000000364e+03
5.456399999999999636e+03 5.325800000000000182e+03 5.275600000000000364e+03 5.299000000000000000e+03 5.313800000000000182e+03
5.479800000000000182e+03 5.322800000000000182e+03 5.283199999999999818e+03 5.303399999999999636e+03 5.319600000000000364e+03
5.474000000000000000e+03 5.320600000000000364e+03 5.281600000000000364e+03 5.306000000000000000e+03 5.320600000000000364e+03
5.489199999999999818e+03 5.329800000000000182e+03 5.288399999999999636e+03 5.310399999999999636e+03 5.325800000000000182e+03
5.497800000000000182e+03 5.325399999999999636e+03 5.288800000000000182e+03 5.316199999999999818e+03 5.337800000000000182e+03
5.510600000000000364e+03 5.320000000000000000e+03 5.289399999999999636e+03 5.322399999999999636e+03 5.328000000000000000e+03
5.522000000000000000e+03 5.317600000000000364e+03 5.301399999999999636e+03 5.325800000000000182e+03 5.334399999999999636e+03
5.538600000000000364e+03 5.317399999999999636e+03 5.306399999999999636e+03 5.325399999999999636e+03 5.328199999999999818e+03
5.551399999999999636e+03 5.313199999999999818e+03 5.300000000000000000e+03 5.316199999999999818e+03 5.342800000000000182e+03
5.558600000000000364e+03 5.320199999999999818e+03 5.305199999999999818e+03 5.323199999999999818e+03 5.335199999999999818e+03
5.559000000000000000e+03 5.321600000000000364e+03 5.305399999999999636e+03 5.329000000000000000e+03 5.338800000000000182e+03
5.562800000000000182e+03 5.319000000000000000e+03 5.306399999999999636e+03 5.336800000000000182e+03 5.337600000000000364e+03
5.572399999999999636e+03 5.320800000000000182e+03 5.308000000000000000e+03 5.323000000000000000e+03 5.338399999999999636e+03
5.578600000000000364e+03 5.306199999999999818e+03 5.302600000000000364e+03 5.334600000000000364e+03 5.342399999999999636e+03
5.589000000000000000e+03 5.318199999999999818e+03 5.309399999999999636e+03 5.333800000000000182e+03 5.350199999999999818e+03
5.595399999999999636e+03 5.314199999999999818e+03 5.296399999999999636e+03 5.324199999999999818e+03 5.347000000000000000e+03
5.611399999999999636e+03 5.309199999999999818e+03 5.315399999999999636e+03 5.335000000000000000e+03 5.353800000000000182e+03
5.609199999999999818e+03 5.314800000000000182e+03 5.307199999999999818e+03 5.326800000000000182e+03 5.351800000000000182e+03
5.607000000000000000e+03 5.311399999999999636e+03 5.308800000000000182e+03 5.327000000000000000e+03 5.345399999999999636e+03
5.613000000000000000e+03 5.304800000000000182e+03 5.315199999999999818e+03 5.337800000000000182e+03 5.345800000000000182e+03
5.617199999999999818e+03 5.309000000000000000e+03 5.315399999999999636e+03 5.329199999999999818e+03 5.352199999999999818e+03
5.621000000000000000e+03 5.295600000000000364e+03 5.309399999999999636e+03 5.323800000000000182e+03 5.351800000000000182e+03
5.633000000000000000e+03 5.301600000000000364e+03 5.300000000000000000e+03 5.327600000000000364e+03 5.358199999999999818e+03
5.638000000000000000e+03 5.305000000000000000e+03 5.306399999999999636e+03 5.329199999999999818e+03 5.354199999999999818e+03
5.648199999999999818e+03 5.312399999999999636e+03 5.309000000000000000e+03 5.326800000000000182e+03 5.359199999999999818e+03
5.648399999999999636e+03 5.300199999999999818e+03 5.310600000000000364e+03 5.328399999999999636e+03 5.354800000000000182e+03
5.646000000000000000e+03 5.299399999999999636e+03 5.306399999999999636e+03 5.327000000000000000e+03 5.357399999999999636e+03
5.645800000000000182e+03 5.298800000000000182e+03 5.310399999999999636e+03 5.331199999999999818e+03 5.353600000000000364e+03
5.640399999999999636e+03 5.300399999999999636e+03 5.312199999999999818e+03 5.341199999999999818e+03 5.358800000000000182e+03
5.647399999999999636e+03 5.310800000000000182e+03 5.315000000000000000e+03 5.343800000000000182e+03 5.356199999999999818e+03
5.650000000000000000e+03 5.289199999999999818e+03 5.314600000000000364e+03 5.342199999999999818e+03 5.358199999999999818e+03
5.645399999999999636e+03 5.301199999999999818e+03 5.323600000000000364e+03 5.345800000000000182e+03 5.358000000000000000e+03
5.653600000000000364e+03 5.297199999999999818e+03 5.319800000000000182e+03 5.342600000000000364e+03 5.360000000000000000e+03
5.653199999999999818e+03 5.306800000000000182e+03 5.324199999999999818e+03 5.337199999999999818e+03 5.359800000000000182e+03
5.654399999999999636e+03 5.309800000000000182e+03 5.308600000000000364e+03 5.341399999999999636e+03 5.356199999999999818e+03
5.654600000000000364e+03 5.305000000000000000e+03 5.310800000000000182e+03 5.342800000000000182e+03 5.357000000000000000e+03
5.658399999999999636e+03 5.309199999999999818e+03 5.327399999999999636e+03 5.337399999999999636e+03 5.357600000000000364e+03
5.664199999999999818e+03 5.304800000000000182e+03 5.331199999999999818e+03 5.338600000000000364e+03 5.359199999999999818e+03
5.665000000000000000e+03 5.296399999999999636e+03 5.327199999999999818e+03 5.340600000000000364e+03 5.353000000000000000e+03
5.658600000000000364e+03 5.310000000000000000e+03 5.324000000000000000e+03 5.337199999999999818e+03 5.351000000000000000e+03
5.660600000000000364e+03 5.308800000000000182e+03 5.335800000000000182e+03 5.345199999999999818e+03 5.356399999999999636e+03
5.663600000000000364e+03 5.299399999999999636e+03 5.326399999999999636e+03 5.336800000000000182e+03 5.356800000000000182e+03
5.670399999999999636e+03 5.283800000000000182e+03 5.318000000000000000e+03 5.337600000000000364e+03 5.353800000000000182e+03
5.670800000000000182e+03 5.293199999999999818e+03 5.327199999999999818e+03 5.333800000000000182e+03 5.363199999999999818e+03
5.671800000000000182e+03 5.303000000000000000e+03 5.334199999999999818e+03 5.331399999999999636e+03 5.368600000000000364e+03
5.669399999999999636e+03 5.305800000000000182e+03 5.332000000000000000e+03 5.334000000000000000e+03 5.365399999999999636e+03
5.671800000000000182e+03 5.290399999999999636e+03 5.325199999999999818e+03 5.333800000000000182e+03 5.362600000000000364e+03
5.668399999999999636e+03 5.304399999999999636e+03 5.329399999999999636e+03 5.337800000000000182e+03 5.358199999999999818e+03
5.669399999999999636e+03 5.311199999999999818e+03 5.339000000000000000e+03 5.344600000000000364e+03 5.357399999999999636e+03
5.670600000000000364e+03 5.301800000000000182e+03 5.325800000000000182e+03 5.345399999999999636e+03 5.357199999999999818e+03
5.670000000000000000e+03 5.299199999999999818e+03 5.333600000000000364e+03 5.337600000000000364e+03 5.354199999999999818e+03
5.663000000000000000e+03 5.305800000000000182e+03 5.324800000000000182e+03 5.347000000000000000e+03 5.357600000000000364e+03
5.669000000000000000e+03 5.306199999999999818e+03 5.330199999999999818e+03 5.348399999999999636e+03 5.360399999999999636e+03
5.670000000000000000e+03 5.298600000000000364e+03 5.336600000000000364e+03 5.344199999999999818e+03 5.357800000000000182e+03
5.670000000000000000e+03 5.306000000000000000e+03 5.336399999999999636e+03 5.345199999999999818e+03 5.354800000000000182e+03
5.678000000000000000e+03 5.297199999999999818e+03 5.321199999999999818e+03 5.339600000000000364e+03 5.356399999999999636e+03
5.658600000000000364e+03 5.304199999999999818e+03 5.335399999999999636e+03 5.346199999999999818e+03 5.355600000000000364e+03
5.659000000000000000e+03 5.297399999999999636e+03 5.339800000000000182e+03 5.348000000000000000e+03 5.360800000000000182e+03
5.675600000000000364e+03 5.295000000000000000e+03 5.337199999999999818e+03 5.344000000000000000e+03 5.359600000000000364e+03
5.672399999999999636e+03 5.306800000000000182e+03 5.337000000000000000e+03 5.344399999999999636e+03 5.362800000000000182e+03
5.673600000000000364e+03 5.297000000000000000e+03 5.334000000000000000e+03 5.343399999999999636e+03 5.362000000000000000e+03
5.676399999999999636e+03 5.302399999999999636e+03 5.333399999999999636e+03 5.344800000000000182e+03 5.359199999999999818e+03
5.676199999999999818e+03 5.297600000000000364e+03 5.335399999999999636e+03 5.340000000000000000e+03 5.357600000000000364e+03
5.677600000000000364e+03 5.297199999999999818e+03 5.337000000000000000e+03 5.340000000000000000e+03 5.361600000000000364e+03
5.680199999999999818e+03 5.316199999999999818e+03 5.335800000000000182e+03 5.338000000000000000e+03 5.358600000000000364e+03
5.668199999999999818e+03 5.304000000000000000e+03 5.328399999999999636e+03 5.338399999999999636e+03 5.359600000000000364e+03
5.658399999999999636e+03 5.300399999999999636e+03 5.334399999999999636e+03 5.337600000000000364e+03 5.359600000000000364e+03
5.661199999999999818e+03 5.304600000000000364e+03 5.337399999999999636e+03 5.343000000000000000e+03 5.360800000000000182e+03
5.659000000000000000e+03 5.303000000000000000e+03 5.325000000000000000e+03 5.346199999999999818e+03 5.356800000000000182e+03
5.663199999999999818e+03 5.314000000000000000e+03 5.332199999999999818e+03 5.346800000000000182e+03 5.358399999999999636e+03
5.672199999999999818e+03 5.303800000000000182e+03 5.330399999999999636e+03 5.348199999999999818e+03 5.354600000000000364e+03
5.676399999999999636e+03 5.309000000000000000e+03 5.329399999999999636e+03 5.348199999999999818e+03 5.357600000000000364e+03
5.683199999999999818e+03 5.308800000000000182e+03 5.328600000000000364e+03 5.346800000000000182e+03 5.359800000000000182e+03
5.682399999999999636e+03 5.317000000000000000e+03 5.329199999999999818e+03 5.350800000000000182e+03 5.357600000000000364e+03
5.681399999999999636e+03 5.311800000000000182e+03 5.325000000000000000e+03 5.343600000000000364e+03 5.356399999999999636e+03
5.676000000000000000e+03 5.307399999999999636e+03 5.329800000000000182e+03 5.344600000000000364e+03 5.359399999999999636e+03
5.674199999999999818e+03 5.310600000000000364e+03 5.325600000000000364e+03 5.350800000000000182e+03 5.359600000000000364e+03
5.676600000000000364e+03 5.313600000000000364e+03 5.332600000000000364e+03 5.347199999999999818e+03 5.359000000000000000e+03
5.685399999999999636e+03 5.312000000000000000e+03 5.334000000000000000e+03 5.346600000000000364e+03 5.360399999999999636e+03
5.679000000000000000e+03 5.309800000000000182e+03 5.333199999999999818e+03 5.349000000000000000e+03 5.361800000000000182e+03
5.675600000000000364e+03 5.315199999999999818e+03 5.334000000000000000e+03 5.345800000000000182e+03 5.363600000000000364e+03
5.679000000000000000e+03 5.307800000000000182e+03 5.335199999999999818e+03 5.346000000000000000e+03 5.366800000000000182e+03
5.678800000000000182e+03 5.303399999999999636e+03 5.338199999999999818e+03 5.355600000000000364e+03 5.360399999999999636e+03
5.679000000000000000e+03 5.311600000000000364e+03 5.335000000000000000e+03 5.350199999999999818e+03 5.360600000000000364e+03
5.682199999999999818e+03 5.314800000000000182e+03 5.335000000000000000e+03 5.344399999999999636e+03 5.357600000000000364e+03
5.675600000000000364e+03 5.315600000000000364e+03 5.336199999999999818e+03 5.348199999999999818e+03 5.359199999999999818e+03
5.671199999999999818e+03 5.317800000000000182e+03 5.336000000000000000e+03 5.342600000000000364e+03 5.362199999999999818e+03
5.674199999999999818e+03 5.313600000000000364e+03 5.327800000000000182e+03 5.346199999999999818e+03 5.362199999999999818e+03
5.678399999999999636e+03 5.317800000000000182e+03 5.332399999999999636e+03 5.344600000000000364e+03 5.361800000000000182e+03
5.682399999999999636e+03 5.318600000000000364e+03 5.335600000000000364e+03 5.348399999999999636e+03 5.360399999999999636e+03
5.682399999999999636e+03 5.323800000000000182e+03 5.338399999999999636e+03 5.345000000000000000e+03 5.363000000000000000e+03
5.684399999999999636e+03 5.314800000000000182e+03 5.332800000000000182e+03 5.339800000000000182e+03 5.361800000000000182e+03
5.681800000000000182e+03 5.314000000000000000e+03 5.334399999999999636e+03 5.340800000000000182e+03 5.360800000000000182e+03
5.681600000000000364e+03 5.310600000000000364e+03 5.331199999999999818e+03 5.341000000000000000e+03 5.362399999999999636e+03
5.680399999999999636e+03 5.312199999999999818e+03 5.331199999999999818e+03 5.338399999999999636e+03 5.361199999999999818e+03
5.678399999999999636e+03 5.318600000000000364e+03 5.328800000000000182e+03 5.335000000000000000e+03 5.361000000000000000e+03
5.681800000000000182e+03 5.318600000000000364e+03 5.330399999999999636e+03 5.341199999999999818e+03 5.363000000000000000e+03
5.680399999999999636e+03 5.312399999999999636e+03 5.327399999999999636e+03 5.343800000000000182e+03 5.362800000000000182e+03
5.681000000000000000e+03 5.317000000000000000e+03 5.329800000000000182e+03 5.344399999999999636e+03 5.360199999999999818e+03
5.672399999999999636e+03 5.311000000000000000e+03 5.330600000000000364e+03 5.339199999999999818e+03 5.359800000000000182e+03
5.666000000000000000e+03 5.320000000000000000e+03 5.329000000000000000e+03 5.340600000000000364e+03 5.362800000000000182e+03
5.678800000000000182e+03 5.314800000000000182e+03 5.332600000000000364e+03 5.341000000000000000e+03 5.362000000000000000e+03
5.684800000000000182e+03 5.323199999999999818e+03 5.330600000000000364e+03 5.347000000000000000e+03 5.363000000000000000e+03
5.678800000000000182e+03 5.325600000000000364e+03 5.335000000000000000e+03 5.343000000000000000e+03 5.364199999999999818e+03
5.673399999999999636e+03 5.320600000000000364e+03 5.328199999999999818e+03 5.338199999999999818e+03 5.361600000000000364e+03
5.674000000000000000e+03 5.315800000000000182e+03 5.330600000000000364e+03 5.341399999999999636e+03 5.363399999999999636e+03
5.684000000000000000e+03 5.317600000000000364e+03 5.338000000000000000e+03 5.344199999999999818e+03 5.361000000000000000e+03
5.686199999999999818e+03 5.314000000000000000e+03 5.336199999999999818e+03 5.343199999999999818e+03 5.363399999999999636e+03
5.679399999999999636e+03 5.316600000000000364e+03 5.333199999999999818e+03 5.345000000000000000e+03 5.364399999999999636e+03
5.682600000000000364e+03 5.305000000000000000e+03 5.334399999999999636e+03 5.342399999999999636e+03 5.362399999999999636e+03
5.685399999999999636e+03 5.298000000000000000e+03 5.338000000000000000e+03 5.342800000000000182e+03 5.360399999999999636e+03
5.650399999999999636e+03 5.323000000000000000e+03 5.333800000000000182e+03 5.335800000000000182e+03 5.362800000000000182e+03
5.654000000000000000e+03 5.316399999999999636e+03 5.334199999999999818e+03 5.343199999999999818e+03 5.364600000000000364e+03
5.671600000000000364e+03 5.320000000000000000e+03 5.332800000000000182e+03 5.343800000000000182e+03 5.362600000000000364e+03
5.682399999999999636e+03 5.319800000000000182e+03 5.330399999999999636e+03 5.339800000000000182e+03 5.362199999999999818e+03
5.682600000000000364e+03 5.316199999999999818e+03 5.337399999999999636e+03 5.340399999999999636e+03 5.363600000000000364e+03
5.682000000000000000e+03 5.317600000000000364e+03 5.331000000000000000e+03 5.349800000000000182e+03 5.362399999999999636e+03
5.683800000000000182e+03 5.321600000000000364e+03 5.318800000000000182e+03 5.353399999999999636e+03 5.362000000000000000e+03
5.681600000000000364e+03 5.318199999999999818e+03 5.331399999999999636e+03 5.347000000000000000e+03 5.365600000000000364e+03
5.683000000000000000e+03 5.319600000000000364e+03 5.328600000000000364e+03 5.341600000000000364e+03 5.363199999999999818e+03
5.682800000000000182e+03 5.320399999999999636e+03 5.326000000000000000e+03 5.345199999999999818e+03 5.362800000000000182e+03
5.675600000000000364e+03 5.315800000000000182e+03 5.329399999999999636e+03 5.344800000000000182e+03 5.361600000000000364e+03
5.678000000000000000e+03 5.319800000000000182e+03 5.331000000000000000e+03 5.339600000000000364e+03 5.359399999999999636e+03
5.677800000000000182e+03 5.319800000000000182e+03 5.336800000000000182e+03 5.346199999999999818e+03 5.361600000000000364e+03
5.671399999999999636e+03 5.318199999999999818e+03 5.330399999999999636e+03 5.342800000000000182e+03 5.359800000000000182e+03
5.672399999999999636e+03 5.323399999999999636e+03 5.331600000000000364e+03 5.341800000000000182e+03 5.360000000000000000e+03
5.678800000000000182e+03 5.319600000000000364e+03 5.330000000000000000e+03 5.344000000000000000e+03 5.358000000000000000e+03
5.680600000000000364e+03 5.315800000000000182e+03 5.336600000000000364e+03 5.344199999999999818e+03 5.356199999999999818e+03
5.678399999999999636e+03 5.318600000000000364e+03 5.335000000000000000e+03 5.333399999999999636e+03 5.357600000000000364e+03
5.684600000000000364e+03 5.317600000000000364e+03 5.332000000000000000e+03 5.337399999999999636e+03 5.358000000000000000e+03
5.688399999999999636e+03 5.332399999999999636e+03 5.329800000000000182e+03 5.341399999999999636e+03 5.358199999999999818e+03
5.678800000000000182e+03 5.331000000000000000e+03 5.340199999999999818e+03 5.346800000000000182e+03 5.359000000000000000e+03
5.687199999999999818e+03 5.327199999999999818e+03 5.333000000000000000e+03 5.339600000000000364e+03 5.361800000000000182e+03
5.680000000000000000e+03 5.329199999999999818e+03 5.335600000000000364e+03 5.339399999999999636e+03 5.360800000000000182e+03
