3.035000000000000000e+03 3.035000000000000000e+03 3.035000000000000000e+03 3.035000000000000000e+03 3.035000000000000000e+03
4.371000000000000000e+03 4.392000000000000000e+03 4.378000000000000000e+03 4.404000000000000000e+03 4.399000000000000000e+03
4.609000000000000000e+03 4.653000000000000000e+03 4.595000000000000000e+03 4.719000000000000000e+03 4.676000000000000000e+03
4.894000000000000000e+03 4.904000000000000000e+03 4.904000000000000000e+03 4.960000000000000000e+03 4.874000000000000000e+03
5.003000000000000000e+03 5.069000000000000000e+03 5.047000000000000000e+03 5.025000000000000000e+03 4.960000000000000000e+03
5.132000000000000000e+03 5.158000000000000000e+03 5.105000000000000000e+03 5.073000000000000000e+03 5.032000000000000000e+03
5.217000000000000000e+03 5.210000000000000000e+03 5.135000000000000000e+03 5.131000000000000000e+03 5.102000000000000000e+03
5.228000000000000000e+03 5.229000000000000000e+03 5.152000000000000000e+03 5.150000000000000000e+03 5.127000000000000000e+03
5.279000000000000000e+03 5.253000000000000000e+03 5.211000000000000000e+03 5.161000000000000000e+03 5.145000000000000000e+03
5.307000000000000000e+03 5.267000000000000000e+03 5.208000000000000000e+03 5.176000000000000000e+03 5.167000000000000000e+03
5.328000000000000000e+03 5.282000000000000000e+03 5.230000000000000000e+03 5.190000000000000000e+03 5.192000000000000000e+03
5.374000000000000000e+03 5.302000000000000000e+03 5.245000000000000000e+03 5.209000000000000000e+03 5.227000000000000000e+03
5.400000000000000000e+03 5.298000000000000000e+03 5.233000000000000000e+03 5.227000000000000000e+03 5.235000000000000000e+03
5.391000000000000000e+03 5.296000000000000000e+03 5.260000000000000000e+03 5.234000000000000000e+03 5.244000000000000000e+03
5.410000000000000000e+03 5.273000000000000000e+03 5.246000000000000000e+03 5.243000000000000000e+03 5.227000000000000000e+03
5.437000000000000000e+03 5.272000000000000000e+03 5.261000000000000000e+03 5.232000000000000000e+03 5.272000000000000000e+03
5.464000000000000000e+03 5.292000000000000000e+03 5.276000000000000000e+03 5.276000000000000000e+03 5.288000000000000000e+03
5.430000000000000000e+03 5.282000000000000000e+03 5.280000000000000000e+03 5.293000000000000000e+03 5.286000000000000000e+03
5.474000000000000000e+03 5.294000000000000000e+03 5.323000000000000000e+03 5.282000000000000000e+03 5.298000000000000000e+03
5.502000000000000000e+03 5.313000000000000000e+03 5.304000000000000000e+03 5.281000000000000000e+03 5.289000000000000000e+03
5.469000000000000000e+03 5.283000000000000000e+03 5.302000000000000000e+03 5.287000000000000000e+03 5.289000000000000000e+03
5.515000000000000000e+03 5.292000000000000000e+03 5.293000000000000000e+03 5.278000000000000000e+03 5.306000000000000000e+03
5.517000000000000000e+03 5.300000000000000000e+03 5.301000000000000000e+03 5.288000000000000000e+03 5.301000000000000000e+03
5.536000000000000000e+03 5.310000000000000000e+03 5.303000000000000000e+03 5.284000000000000000e+03 5.296000000000000000e+03
5.529000000000000000e+03 5.315000000000000000e+03 5.304000000000000000e+03 5.281000000000000000e+03 5.309000000000000000e+03
5.513000000000000000e+03 5.293000000000000000e+03 5.305000000000000000e+03 5.278000000000000000e+03 5.306000000000000000e+03
5.569000000000000000e+03 5.327000000000000000e+03 5.319000000000000000e+03 5.296000000000000000e+03 5.300000000000000000e+03
5.539000000000000000e+03 5.309000000000000000e+03 5.306000000000000000e+03 5.294000000000000000e+03 5.322000000000000000e+03
5.584000000000000000e+03 5.311000000000000000e+03 5.321000000000000000e+03 5.297000000000000000e+03 5.314000000000000000e+03
5.578000000000000000e+03 5.319000000000000000e+03 5.305000000000000000e+03 5.297000000000000000e+03 5.314000000000000000e+03
5.584000000000000000e+03 5.318000000000000000e+03 5.307000000000000000e+03 5.310000000000000000e+03 5.323000000000000000e+03
5.622000000000000000e+03 5.288000000000000000e+03 5.309000000000000000e+03 5.296000000000000000e+03 5.312000000000000000e+03
5.589000000000000000e+03 5.306000000000000000e+03 5.297000000000000000e+03 5.294000000000000000e+03 5.315000000000000000e+03
5.606000000000000000e+03 5.295000000000000000e+03 5.295000000000000000e+03 5.313000000000000000e+03 5.326000000000000000e+03
5.636000000000000000e+03 5.323000000000000000e+03 5.308000000000000000e+03 5.314000000000000000e+03 5.330000000000000000e+03
5.629000000000000000e+03 5.306000000000000000e+03 5.329000000000000000e+03 5.326000000000000000e+03 5.331000000000000000e+03
5.637000000000000000e+03 5.315000000000000000e+03 5.319000000000000000e+03 5.303000000000000000e+03 5.332000000000000000e+03
5.650000000000000000e+03 5.288000000000000000e+03 5.299000000000000000e+03 5.323000000000000000e+03 5.321000000000000000e+03
5.648000000000000000e+03 5.292000000000000000e+03 5.328000000000000000e+03 5.320000000000000000e+03 5.333000000000000000e+03
5.653000000000000000e+03 5.304000000000000000e+03 5.323000000000000000e+03 5.324000000000000000e+03 5.337000000000000000e+03
5.655000000000000000e+03 5.286000000000000000e+03 5.320000000000000000e+03 5.318000000000000000e+03 5.339000000000000000e+03
5.652000000000000000e+03 5.319000000000000000e+03 5.312000000000000000e+03 5.311000000000000000e+03 5.332000000000000000e+03
5.659000000000000000e+03 5.281000000000000000e+03 5.328000000000000000e+03 5.325000000000000000e+03 5.326000000000000000e+03
5.662000000000000000e+03 5.321000000000000000e+03 5.316000000000000000e+03 5.326000000000000000e+03 5.334000000000000000e+03
5.677000000000000000e+03 5.306000000000000000e+03 5.335000000000000000e+03 5.314000000000000000e+03 5.334000000000000000e+03
5.670000000000000000e+03 5.319000000000000000e+03 5.327000000000000000e+03 5.316000000000000000e+03 5.336000000000000000e+03
5.682000000000000000e+03 5.320000000000000000e+03 5.321000000000000000e+03 5.327000000000000000e+03 5.334000000000000000e+03
5.681000000000000000e+03 5.299000000000000000e+03 5.308000000000000000e+03 5.333000000000000000e+03 5.343000000000000000e+03
5.670000000000000000e+03 5.310000000000000000e+03 5.309000000000000000e+03 5.316000000000000000e+03 5.330000000000000000e+03
5.678000000000000000e+03 5.296000000000000000e+03 5.303000000000000000e+03 5.316000000000000000e+03 5.334000000000000000e+03
5.670000000000000000e+03 5.320000000000000000e+03 5.312000000000000000e+03 5.318000000000000000e+03 5.316000000000000000e+03
5.673000000000000000e+03 5.305000000000000000e+03 5.316000000000000000e+03 5.329000000000000000e+03 5.318000000000000000e+03
5.693000000000000000e+03 5.316000000000000000e+03 5.332000000000000000e+03 5.319000000000000000e+03 5.311000000000000000e+03
5.686000000000000000e+03 5.345000000000000000e+03 5.319000000000000000e+03 5.329000000000000000e+03 5.316000000000000000e+03
5.693000000000000000e+03 5.312000000000000000e+03 5.301000000000000000e+03 5.330000000000000000e+03 5.326000000000000000e+03
5.704000000000000000e+03 5.319000000000000000e+03 5.325000000000000000e+03 5.323000000000000000e+03 5.335000000000000000e+03
5.694000000000000000e+03 5.303000000000000000e+03 5.310000000000000000e+03 5.348000000000000000e+03 5.338000000000000000e+03
5.694000000000000000e+03 5.307000000000000000e+03 5.324000000000000000e+03 5.329000000000000000e+03 5.325000000000000000e+03
5.696000000000000000e+03 5.281000000000000000e+03 5.320000000000000000e+03 5.313000000000000000e+03 5.340000000000000000e+03
5.705000000000000000e+03 5.298000000000000000e+03 5.328000000000000000e+03 5.326000000000000000e+03 5.332000000000000000e+03
5.694000000000000000e+03 5.316000000000000000e+03 5.340000000000000000e+03 5.339000000000000000e+03 5.335000000000000000e+03
5.684000000000000000e+03 5.295000000000000000e+03 5.315000000000000000e+03 5.332000000000000000e+03 5.331000000000000000e+03
5.697000000000000000e+03 5.319000000000000000e+03 5.312000000000000000e+03 5.337000000000000000e+03 5.336000000000000000e+03
5.700000000000000000e+03 5.319000000000000000e+03 5.336000000000000000e+03 5.337000000000000000e+03 5.335000000000000000e+03
5.701000000000000000e+03 5.319000000000000000e+03 5.337000000000000000e+03 5.332000000000000000e+03 5.330000000000000000e+03
5.687000000000000000e+03 5.316000000000000000e+03 5.324000000000000000e+03 5.333000000000000000e+03 5.329000000000000000e+03
5.679000000000000000e+03 5.317000000000000000e+03 5.321000000000000000e+03 5.326000000000000000e+03 5.337000000000000000e+03
5.686000000000000000e+03 5.305000000000000000e+03 5.318000000000000000e+03 5.327000000000000000e+03 5.343000000000000000e+03
5.686000000000000000e+03 5.299000000000000000e+03 5.337000000000000000e+03 5.329000000000000000e+03 5.344000000000000000e+03
5.694000000000000000e+03 5.312000000000000000e+03 5.332000000000000000e+03 5.341000000000000000e+03 5.345000000000000000e+03
5.705000000000000000e+03 5.323000000000000000e+03 5.311000000000000000e+03 5.327000000000000000e+03 5.338000000000000000e+03
5.701000000000000000e+03 5.302000000000000000e+03 5.318000000000000000e+03 5.337000000000000000e+03 5.337000000000000000e+03
5.677000000000000000e+03 5.309000000000000000e+03 5.328000000000000000e+03 5.335000000000000000e+03 5.336000000000000000e+03
5.690000000000000000e+03 5.294000000000000000e+03 5.316000000000000000e+03 5.338000000000000000e+03 5.331000000000000000e+03
5.709000000000000000e+03 5.301000000000000000e+03 5.318000000000000000e+03 5.342000000000000000e+03 5.341000000000000000e+03
5.711000000000000000e+03 5.302000000000000000e+03 5.311000000000000000e+03 5.332000000000000000e+03 5.344000000000000000e+03
5.707000000000000000e+03 5.298000000000000000e+03 5.333000000000000000e+03 5.332000000000000000e+03 5.336000000000000000e+03
5.693000000000000000e+03 5.313000000000000000e+03 5.327000000000000000e+03 5.330000000000000000e+03 5.337000000000000000e+03
5.701000000000000000e+03 5.307000000000000000e+03 5.319000000000000000e+03 5.328000000000000000e+03 5.338000000000000000e+03
5.710000000000000000e+03 5.306000000000000000e+03 5.332000000000000000e+03 5.338000000000000000e+03 5.337000000000000000e+03
5.706000000000000000e+03 5.326000000000000000e+03 5.316000000000000000e+03 5.336000000000000000e+03 5.345000000000000000e+03
5.696000000000000000e+03 5.310000000000000000e+03 5.322000000000000000e+03 5.333000000000000000e+03 5.340000000000000000e+03
5.693000000000000000e+03 5.337000000000000000e+03 5.331000000000000000e+03 5.336000000000000000e+03 5.341000000000000000e+03
5.682000000000000000e+03 5.307000000000000000e+03 5.332000000000000000e+03 5.339000000000000000e+03 5.351000000000000000e+03
5.689000000000000000e+03 5.306000000000000000e+03 5.329000000000000000e+03 5.338000000000000000e+03 5.349000000000000000e+03
5.696000000000000000e+03 5.323000000000000000e+03 5.335000000000000000e+03 5.333000000000000000e+03 5.348000000000000000e+03
5.691000000000000000e+03 5.315000000000000000e+03 5.335000000000000000e+03 5.336000000000000000e+03 5.347000000000000000e+03
5.704000000000000000e+03 5.301000000000000000e+03 5.321000000000000000e+03 5.346000000000000000e+03 5.352000000000000000e+03
5.701000000000000000e+03 5.319000000000000000e+03 5.327000000000000000e+03 5.337000000000000000e+03 5.347000000000000000e+03
5.702000000000000000e+03 5.323000000000000000e+03 5.322000000000000000e+03 5.347000000000000000e+03 5.341000000000000000e+03
5.711000000000000000e+03 5.313000000000000000e+03 5.334000000000000000e+03 5.337000000000000000e+03 5.354000000000000000e+03
5.706000000000000000e+03 5.311000000000000000e+03 5.320000000000000000e+03 5.330000000000000000e+03 5.352000000000000000e+03
5.708000000000000000e+03 5.308000000000000000e+03 5.327000000000000000e+03 5.323000000000000000e+03 5.359000000000000000e+03
5.709000000000000000e+03 5.329000000000000000e+03 5.333000000000000000e+03 5.335000000000000000e+03 5.354000000000000000e+03
5.711000000000000000e+03 5.309000000000000000e+03 5.317000000000000000e+03 5.326000000000000000e+03 5.351000000000000000e+03
5.700000000000000000e+03 5.323000000000000000e+03 5.328000000000000000e+03 5.333000000000000000e+03 5.354000000000000000e+03
5.698000000000000000e+03 5.314000000000000000e+03 5.325000000000000000e+03 5.329000000000000000e+03 5.351000000000000000e+03
5.696000000000000000e+03 5.299000000000000000e+03 5.332000000000000000e+03 5.330000000000000000e+03 5.351000000000000000e+03
5.702000000000000000e+03 5.334000000000000000e+03 5.338000000000000000e+03 5.322000000000000000e+03 5.341000000000000000e+03
5.702000000000000000e+03 5.305000000000000000e+03 5.324000000000000000e+03 5.332000000000000000e+03 5.342000000000000000e+03
5.706000000000000000e+03 5.299000000000000000e+03 5.332000000000000000e+03 5.332000000000000000e+03 5.344000000000000000e+03
5.698000000000000000e+03 5.321000000000000000e+03 5.333000000000000000e+03 5.331000000000000000e+03 5.349000000000000000e+03
5.684000000000000000e+03 5.326000000000000000e+03 5.330000000000000000e+03 5.331000000000000000e+03 5.349000000000000000e+03
5.692000000000000000e+03 5.315000000000000000e+03 5.333000000000000000e+03 5.351000000000000000e+03 5.350000000000000000e+03
5.702000000000000000e+03 5.306000000000000000e+03 5.339000000000000000e+03 5.338000000000000000e+03 5.347000000000000000e+03
5.702000000000000000e+03 5.311000000000000000e+03 5.331000000000000000e+03 5.345000000000000000e+03 5.346000000000000000e+03
5.704000000000000000e+03 5.317000000000000000e+03 5.338000000000000000e+03 5.343000000000000000e+03 5.348000000000000000e+03
5.703000000000000000e+03 5.298000000000000000e+03 5.326000000000000000e+03 5.330000000000000000e+03 5.347000000000000000e+03
5.697000000000000000e+03 5.311000000000000000e+03 5.324000000000000000e+03 5.336000000000000000e+03 5.348000000000000000e+03
5.697000000000000000e+03 5.326000000000000000e+03 5.326000000000000000e+03 5.337000000000000000e+03 5.349000000000000000e+03
5.707000000000000000e+03 5.333000000000000000e+03 5.327000000000000000e+03 5.343000000000000000e+03 5.351000000000000000e+03
5.699000000000000000e+03 5.333000000000000000e+03 5.332000000000000000e+03 5.335000000000000000e+03 5.362000000000000000e+03
5.705000000000000000e+03 5.317000000000000000e+03 5.334000000000000000e+03 5.343000000000000000e+03 5.363000000000000000e+03
5.704000000000000000e+03 5.333000000000000000e+03 5.336000000000000000e+03 5.345000000000000000e+03 5.360000000000000000e+03
5.707000000000000000e+03 5.336000000000000000e+03 5.319000000000000000e+03 5.335000000000000000e+03 5.355000000000000000e+03
5.689000000000000000e+03 5.337000000000000000e+03 5.319000000000000000e+03 5.340000000000000000e+03 5.352000000000000000e+03
5.697000000000000000e+03 5.314000000000000000e+03 5.330000000000000000e+03 5.331000000000000000e+03 5.352000000000000000e+03
5.688000000000000000e+03 5.316000000000000000e+03 5.323000000000000000e+03 5.333000000000000000e+03 5.353000000000000000e+03
5.702000000000000000e+03 5.322000000000000000e+03 5.350000000000000000e+03 5.345000000000000000e+03 5.349000000000000000e+03
5.706000000000000000e+03 5.330000000000000000e+03 5.331000000000000000e+03 5.335000000000000000e+03 5.351000000000000000e+03
5.698000000000000000e+03 5.326000000000000000e+03 5.337000000000000000e+03 5.348000000000000000e+03 5.346000000000000000e+03
5.700000000000000000e+03 5.313000000000000000e+03 5.333000000000000000e+03 5.355000000000000000e+03 5.347000000000000000e+03
5.702000000000000000e+03 5.306000000000000000e+03 5.331000000000000000e+03 5.343000000000000000e+03 5.348000000000000000e+03
5.712000000000000000e+03 5.315000000000000000e+03 5.347000000000000000e+03 5.337000000000000000e+03 5.348000000000000000e+03
5.704000000000000000e+03 5.339000000000000000e+03 5.333000000000000000e+03 5.343000000000000000e+03 5.348000000000000000e+03
5.717000000000000000e+03 5.313000000000000000e+03 5.332000000000000000e+03 5.336000000000000000e+03 5.350000000000000000e+03
5.705000000000000000e+03 5.317000000000000000e+03 5.332000000000000000e+03 5.328000000000000000e+03 5.341000000000000000e+03
5.700000000000000000e+03 5.334000000000000000e+03 5.335000000000000000e+03 5.328000000000000000e+03 5.346000000000000000e+03
5.667000000000000000e+03 5.322000000000000000e+03 5.336000000000000000e+03 5.330000000000000000e+03 5.345000000000000000e+03
5.687000000000000000e+03 5.335000000000000000e+03 5.349000000000000000e+03 5.342000000000000000e+03 5.347000000000000000e+03
5.698000000000000000e+03 5.318000000000000000e+03 5.341000000000000000e+03 5.338000000000000000e+03 5.351000000000000000e+03
5.706000000000000000e+03 5.327000000000000000e+03 5.331000000000000000e+03 5.343000000000000000e+03 5.347000000000000000e+03
5.700000000000000000e+03 5.324000000000000000e+03 5.335000000000000000e+03 5.330000000000000000e+03 5.350000000000000000e+03
5.706000000000000000e+03 5.325000000000000000e+03 5.315000000000000000e+03 5.345000000000000000e+03 5.346000000000000000e+03
5.711000000000000000e+03 5.328000000000000000e+03 5.323000000000000000e+03 5.341000000000000000e+03 5.350000000000000000e+03
5.700000000000000000e+03 5.335000000000000000e+03 5.323000000000000000e+03 5.345000000000000000e+03 5.351000000000000000e+03
5.703000000000000000e+03 5.324000000000000000e+03 5.334000000000000000e+03 5.346000000000000000e+03 5.356000000000000000e+03
5.702000000000000000e+03 5.336000000000000000e+03 5.334000000000000000e+03 5.338000000000000000e+03 5.351000000000000000e+03
5.699000000000000000e+03 5.322000000000000000e+03 5.332000000000000000e+03 5.355000000000000000e+03 5.348000000000000000e+03
5.705000000000000000e+03 5.321000000000000000e+03 5.328000000000000000e+03 5.346000000000000000e+03 5.353000000000000000e+03
5.698000000000000000e+03 5.312000000000000000e+03 5.347000000000000000e+03 5.339000000000000000e+03 5.355000000000000000e+03
5.696000000000000000e+03 5.317000000000000000e+03 5.339000000000000000e+03 5.356000000000000000e+03 5.351000000000000000e+03
5.697000000000000000e+03 5.343000000000000000e+03 5.331000000000000000e+03 5.352000000000000000e+03 5.350000000000000000e+03
5.697000000000000000e+03 5.333000000000000000e+03 5.343000000000000000e+03 5.348000000000000000e+03 5.351000000000000000e+03
5.705000000000000000e+03 5.320000000000000000e+03 5.337000000000000000e+03 5.335000000000000000e+03 5.348000000000000000e+03
5.705000000000000000e+03 5.333000000000000000e+03 5.344000000000000000e+03 5.336000000000000000e+03 5.349000000000000000e+03
5.701000000000000000e+03 5.330000000000000000e+03 5.332000000000000000e+03 5.338000000000000000e+03 5.353000000000000000e+03
5.696000000000000000e+03 5.316000000000000000e+03 5.341000000000000000e+03 5.337000000000000000e+03 5.354000000000000000e+03
5.700000000000000000e+03 5.336000000000000000e+03 5.328000000000000000e+03 5.343000000000000000e+03 5.354000000000000000e+03
5.697000000000000000e+03 5.327000000000000000e+03 5.336000000000000000e+03 5.331000000000000000e+03 5.352000000000000000e+03
5.704000000000000000e+03 5.320000000000000000e+03 5.346000000000000000e+03 5.348000000000000000e+03 5.351000000000000000e+03
5.709000000000000000e+03 5.344000000000000000e+03 5.342000000000000000e+03 5.341000000000000000e+03 5.356000000000000000e+03
5.702000000000000000e+03 5.336000000000000000e+03 5.324000000000000000e+03 5.338000000000000000e+03 5.355000000000000000e+03
5.704000000000000000e+03 5.345000000000000000e+03 5.323000000000000000e+03 5.350000000000000000e+03 5.359000000000000000e+03
5.697000000000000000e+03 5.334000000000000000e+03 5.340000000000000000e+03 5.338000000000000000e+03 5.355000000000000000e+03
5.696000000000000000e+03 5.335000000000000000e+03 5.324000000000000000e+03 5.327000000000000000e+03 5.357000000000000000e+03
5.702000000000000000e+03 5.340000000000000000e+03 5.333000000000000000e+03 5.326000000000000000e+03 5.355000000000000000e+03
5.685000000000000000e+03 5.309000000000000000e+03 5.336000000000000000e+03 5.340000000000000000e+03 5.348000000000000000e+03
5.704000000000000000e+03 5.330000000000000000e+03 5.328000000000000000e+03 5.339000000000000000e+03 5.354000000000000000e+03
5.686000000000000000e+03 5.330000000000000000e+03 5.316000000000000000e+03 5.336000000000000000e+03 5.361000000000000000e+03
5.685000000000000000e+03 5.332000000000000000e+03 5.334000000000000000e+03 5.328000000000000000e+03 5.360000000000000000e+03
5.705000000000000000e+03 5.321000000000000000e+03 5.330000000000000000e+03 5.330000000000000000e+03 5.358000000000000000e+03
5.704000000000000000e+03 5.333000000000000000e+03 5.332000000000000000e+03 5.334000000000000000e+03 5.357000000000000000e+03
5.703000000000000000e+03 5.323000000000000000e+03 5.330000000000000000e+03 5.340000000000000000e+03 5.361000000000000000e+03
5.687000000000000000e+03 5.327000000000000000e+03 5.342000000000000000e+03 5.338000000000000000e+03 5.358000000000000000e+03
5.652000000000000000e+03 5.328000000000000000e+03 5.348000000000000000e+03 5.339000000000000000e+03 5.357000000000000000e+03
5.684000000000000000e+03 5.314000000000000000e+03 5.340000000000000000e+03 5.343000000000000000e+03 5.358000000000000000e+03
5.702000000000000000e+03 5.316000000000000000e+03 5.336000000000000000e+03 5.345000000000000000e+03 5.355000000000000000e+03
5.708000000000000000e+03 5.338000000000000000e+03 5.343000000000000000e+03 5.339000000000000000e+03 5.357000000000000000e+03
5.698000000000000000e+03 5.315000000000000000e+03 5.345000000000000000e+03 5.334000000000000000e+03 5.360000000000000000e+03
5.692000000000000000e+03 5.334000000000000000e+03 5.330000000000000000e+03 5.340000000000000000e+03 5.356000000000000000e+03
5.705000000000000000e+03 5.328000000000000000e+03 5.335000000000000000e+03 5.346000000000000000e+03 5.361000000000000000e+03
5.701000000000000000e+03 5.336000000000000000e+03 5.343000000000000000e+03 5.344000000000000000e+03 5.358000000000000000e+03
5.708000000000000000e+03 5.332000000000000000e+03 5.331000000000000000e+03 5.340000000000000000e+03 5.356000000000000000e+03
5.701000000000000000e+03 5.325000000000000000e+03 5.339000000000000000e+03 5.350000000000000000e+03 5.354000000000000000e+03
5.694000000000000000e+03 5.333000000000000000e+03 5.337000000000000000e+03 5.346000000000000000e+03 5.359000000000000000e+03
5.701000000000000000e+03 5.333000000000000000e+03 5.345000000000000000e+03 5.344000000000000000e+03 5.361000000000000000e+03
5.707000000000000000e+03 5.348000000000000000e+03 5.349000000000000000e+03 5.348000000000000000e+03 5.358000000000000000e+03
5.704000000000000000e+03 5.337000000000000000e+03 5.346000000000000000e+03 5.342000000000000000e+03 5.357000000000000000e+03
5.699000000000000000e+03 5.334000000000000000e+03 5.342000000000000000e+03 5.344000000000000000e+03 5.357000000000000000e+03
5.704000000000000000e+03 5.337000000000000000e+03 5.334000000000000000e+03 5.346000000000000000e+03 5.357000000000000000e+03
5.706000000000000000e+03 5.348000000000000000e+03 5.343000000000000000e+03 5.348000000000000000e+03 5.359000000000000000e+03
5.695000000000000000e+03 5.334000000000000000e+03 5.344000000000000000e+03 5.340000000000000000e+03 5.358000000000000000e+03
5.700000000000000000e+03 5.338000000000000000e+03 5.351000000000000000e+03 5.339000000000000000e+03 5.361000000000000000e+03
5.708000000000000000e+03 5.336000000000000000e+03 5.352000000000000000e+03 5.337000000000000000e+03 5.356000000000000000e+03
5.680000000000000000e+03 5.325000000000000000e+03 5.357000000000000000e+03 5.348000000000000000e+03 5.358000000000000000e+03
5.680000000000000000e+03 5.320000000000000000e+03 5.342000000000000000e+03 5.350000000000000000e+03 5.361000000000000000e+03
5.695000000000000000e+03 5.331000000000000000e+03 5.337000000000000000e+03 5.345000000000000000e+03 5.362000000000000000e+03
5.694000000000000000e+03 5.332000000000000000e+03 5.342000000000000000e+03 5.346000000000000000e+03 5.362000000000000000e+03
5.700000000000000000e+03 5.329000000000000000e+03 5.344000000000000000e+03 5.348000000000000000e+03 5.362000000000000000e+03
5.697000000000000000e+03 5.344000000000000000e+03 5.346000000000000000e+03 5.342000000000000000e+03 5.364000000000000000e+03
5.703000000000000000e+03 5.320000000000000000e+03 5.339000000000000000e+03 5.353000000000000000e+03 5.358000000000000000e+03
5.705000000000000000e+03 5.322000000000000000e+03 5.332000000000000000e+03 5.342000000000000000e+03 5.361000000000000000e+03
5.703000000000000000e+03 5.343000000000000000e+03 5.345000000000000000e+03 5.339000000000000000e+03 5.360000000000000000e+03
5.702000000000000000e+03 5.331000000000000000e+03 5.327000000000000000e+03 5.343000000000000000e+03 5.358000000000000000e+03
5.702000000000000000e+03 5.329000000000000000e+03 5.345000000000000000e+03 5.340000000000000000e+03 5.360000000000000000e+03
5.698000000000000000e+03 5.330000000000000000e+03 5.346000000000000000e+03 5.350000000000000000e+03 5.364000000000000000e+03
5.705000000000000000e+03 5.323000000000000000e+03 5.345000000000000000e+03 5.346000000000000000e+03 5.361000000000000000e+03
5.706000000000000000e+03 5.336000000000000000e+03 5.346000000000000000e+03 5.352000000000000000e+03 5.361000000000000000e+03
5.688000000000000000e+03 5.336000000000000000e+03 5.344000000000000000e+03 5.349000000000000000e+03 5.360000000000000000e+03
5.701000000000000000e+03 5.328000000000000000e+03 5.339000000000000000e+03 5.344000000000000000e+03 5.365000000000000000e+03
5.702000000000000000e+03 5.320000000000000000e+03 5.348000000000000000e+03 5.350000000000000000e+03 5.364000000000000000e+03
5.682000000000000000e+03 5.332000000000000000e+03 5.323000000000000000e+03 5.354000000000000000e+03 5.363000000000000000e+03
5.708000000000000000e+03 5.334000000000000000e+03 5.337000000000000000e+03 5.340000000000000000e+03 5.363000000000000000e+03
5.711000000000000000e+03 5.325000000000000000e+03 5.347000000000000000e+03 5.350000000000000000e+03 5.366000000000000000e+03
5.708000000000000000e+03 5.305000000000000000e+03 5.339000000000000000e+03 5.343000000000000000e+03 5.369000000000000000e+03
5.704000000000000000e+03 5.315000000000000000e+03 5.345000000000000000e+03 5.360000000000000000e+03 5.367000000000000000e+03
5.715000000000000000e+03 5.327000000000000000e+03 5.335000000000000000e+03 5.347000000000000000e+03 5.368000000000000000e+03
5.712000000000000000e+03 5.328000000000000000e+03 5.333000000000000000e+03 5.352000000000000000e+03 5.367000000000000000e+03
5.688000000000000000e+03 5.305000000000000000e+03 5.344000000000000000e+03 5.356000000000000000e+03 5.364000000000000000e+03
5.693000000000000000e+03 5.334000000000000000e+03 5.345000000000000000e+03 5.351000000000000000e+03 5.364000000000000000e+03
5.696000000000000000e+03 5.335000000000000000e+03 5.347000000000000000e+03 5.349000000000000000e+03 5.366000000000000000e+03
5.698000000000000000e+03 5.337000000000000000e+03 5.342000000000000000e+03 5.345000000000000000e+03 5.369000000000000000e+03
5.691000000000000000e+03 5.324000000000000000e+03 5.335000000000000000e+03 5.347000000000000000e+03 5.370000000000000000e+03
5.699000000000000000e+03 5.337000000000000000e+03 5.346000000000000000e+03 5.350000000000000000e+03 5.367000000000000000e+03
5.698000000000000000e+03 5.325000000000000000e+03 5.349000000000000000e+03 5.346000000000000000e+03 5.367000000000000000e+03
5.706000000000000000e+03 5.351000000000000000e+03 5.348000000000000000e+03 5.351000000000000000e+03 5.364000000000000000e+03
5.706000000000000000e+03 5.338000000000000000e+03 5.347000000000000000e+03 5.349000000000000000e+03 5.364000000000000000e+03
5.694000000000000000e+03 5.326000000000000000e+03 5.345000000000000000e+03 5.341000000000000000e+03 5.366000000000000000e+03
5.698000000000000000e+03 5.323000000000000000e+03 5.345000000000000000e+03 5.345000000000000000e+03 5.364000000000000000e+03
5.697000000000000000e+03 5.332000000000000000e+03 5.340000000000000000e+03 5.356000000000000000e+03 5.363000000000000000e+03
5.692000000000000000e+03 5.331000000000000000e+03 5.354000000000000000e+03 5.355000000000000000e+03 5.362000000000000000e+03
5.694000000000000000e+03 5.343000000000000000e+03 5.349000000000000000e+03 5.350000000000000000e+03 5.363000000000000000e+03
5.713000000000000000e+03 5.340000000000000000e+03 5.339000000000000000e+03 5.345000000000000000e+03 5.366000000000000000e+03
5.708000000000000000e+03 5.337000000000000000e+03 5.345000000000000000e+03 5.350000000000000000e+03 5.363000000000000000e+03
5.692000000000000000e+03 5.328000000000000000e+03 5.338000000000000000e+03 5.346000000000000000e+03 5.364000000000000000e+03
5.704000000000000000e+03 5.326000000000000000e+03 5.340000000000000000e+03 5.346000000000000000e+03 5.362000000000000000e+03
5.696000000000000000e+03 5.344000000000000000e+03 5.333000000000000000e+03 5.353000000000000000e+03 5.358000000000000000e+03
5.693000000000000000e+03 5.317000000000000000e+03 5.340000000000000000e+03 5.348000000000000000e+03 5.361000000000000000e+03
5.701000000000000000e+03 5.331000000000000000e+03 5.352000000000000000e+03 5.352000000000000000e+03 5.361000000000000000e+03
5.700000000000000000e+03 5.344000000000000000e+03 5.347000000000000000e+03 5.353000000000000000e+03 5.364000000000000000e+03
5.700000000000000000e+03 5.336000000000000000e+03 5.343000000000000000e+03 5.346000000000000000e+03 5.364000000000000000e+03
5.705000000000000000e+03 5.342000000000000000e+03 5.347000000000000000e+03 5.345000000000000000e+03 5.367000000000000000e+03
5.708000000000000000e+03 5.329000000000000000e+03 5.352000000000000000e+03 5.349000000000000000e+03 5.369000000000000000e+03
5.705000000000000000e+03 5.330000000000000000e+03 5.350000000000000000e+03 5.338000000000000000e+03 5.369000000000000000e+03
5.698000000000000000e+03 5.329000000000000000e+03 5.348000000000000000e+03 5.339000000000000000e+03 5.366000000000000000e+03
5.697000000000000000e+03 5.328000000000000000e+03 5.345000000000000000e+03 5.351000000000000000e+03 5.367000000000000000e+03
5.702000000000000000e+03 5.341000000000000000e+03 5.352000000000000000e+03 5.345000000000000000e+03 5.365000000000000000e+03
5.705000000000000000e+03 5.347000000000000000e+03 5.351000000000000000e+03 5.352000000000000000e+03 5.366000000000000000e+03
5.709000000000000000e+03 5.337000000000000000e+03 5.346000000000000000e+03 5.349000000000000000e+03 5.364000000000000000e+03
5.709000000000000000e+03 5.345000000000000000e+03 5.347000000000000000e+03 5.350000000000000000e+03 5.364000000000000000e+03
5.708000000000000000e+03 5.339000000000000000e+03 5.345000000000000000e+03 5.354000000000000000e+03 5.363000000000000000e+03
5.693000000000000000e+03 5.347000000000000000e+03 5.329000000000000000e+03 5.347000000000000000e+03 5.365000000000000000e+03
5.693000000000000000e+03 5.321000000000000000e+03 5.344000000000000000e+03 5.351000000000000000e+03 5.364000000000000000e+03
5.680000000000000000e+03 5.337000000000000000e+03 5.354000000000000000e+03 5.348000000000000000e+03 5.366000000000000000e+03
5.666000000000000000e+03 5.343000000000000000e+03 5.349000000000000000e+03 5.340000000000000000e+03 5.367000000000000000e+03
5.689000000000000000e+03 5.339000000000000000e+03 5.342000000000000000e+03 5.352000000000000000e+03 5.367000000000000000e+03
5.696000000000000000e+03 5.332000000000000000e+03 5.349000000000000000e+03 5.355000000000000000e+03 5.370000000000000000e+03
5.699000000000000000e+03 5.320000000000000000e+03 5.345000000000000000e+03 5.352000000000000000e+03 5.371000000000000000e+03
5.689000000000000000e+03 5.339000000000000000e+03 5.353000000000000000e+03 5.348000000000000000e+03 5.370000000000000000e+03
5.701000000000000000e+03 5.342000000000000000e+03 5.341000000000000000e+03 5.345000000000000000e+03 5.369000000000000000e+03
5.716000000000000000e+03 5.337000000000000000e+03 5.351000000000000000e+03 5.343000000000000000e+03 5.367000000000000000e+03
5.716000000000000000e+03 5.341000000000000000e+03 5.348000000000000000e+03 5.337000000000000000e+03 5.372000000000000000e+03
5.700000000000000000e+03 5.335000000000000000e+03 5.357000000000000000e+03 5.353000000000000000e+03 5.372000000000000000e+03
5.689000000000000000e+03 5.339000000000000000e+03 5.356000000000000000e+03 5.352000000000000000e+03 5.372000000000000000e+03
5.699000000000000000e+03 5.337000000000000000e+03 5.340000000000000000e+03 5.348000000000000000e+03 5.371000000000000000e+03
5.698000000000000000e+03 5.329000000000000000e+03 5.347000000000000000e+03 5.349000000000000000e+03 5.370000000000000000e+03
5.704000000000000000e+03 5.334000000000000000e+03 5.345000000000000000e+03 5.345000000000000000e+03 5.369000000000000000e+03
5.703000000000000000e+03 5.336000000000000000e+03 5.341000000000000000e+03 5.347000000000000000e+03 5.373000000000000000e+03
5.703000000000000000e+03 5.341000000000000000e+03 5.338000000000000000e+03 5.359000000000000000e+03 5.371000000000000000e+03
5.705000000000000000e+03 5.337000000000000000e+03 5.350000000000000000e+03 5.351000000000000000e+03 5.370000000000000000e+03
5.700000000000000000e+03 5.330000000000000000e+03 5.348000000000000000e+03 5.349000000000000000e+03 5.368000000000000000e+03
5.694000000000000000e+03 5.339000000000000000e+03 5.351000000000000000e+03 5.348000000000000000e+03 5.368000000000000000e+03
5.708000000000000000e+03 5.338000000000000000e+03 5.345000000000000000e+03 5.352000000000000000e+03 5.365000000000000000e+03
5.710000000000000000e+03 5.338000000000000000e+03 5.350000000000000000e+03 5.354000000000000000e+03 5.366000000000000000e+03
5.702000000000000000e+03 5.337000000000000000e+03 5.334000000000000000e+03 5.346000000000000000e+03 5.366000000000000000e+03
5.700000000000000000e+03 5.343000000000000000e+03 5.336000000000000000e+03 5.341000000000000000e+03 5.365000000000000000e+03
5.695000000000000000e+03 5.320000000000000000e+03 5.350000000000000000e+03 5.347000000000000000e+03 5.364000000000000000e+03
5.705000000000000000e+03 5.337000000000000000e+03 5.343000000000000000e+03 5.344000000000000000e+03 5.365000000000000000e+03
5.701000000000000000e+03 5.348000000000000000e+03 5.348000000000000000e+03 5.335000000000000000e+03 5.363000000000000000e+03
5.708000000000000000e+03 5.330000000000000000e+03 5.352000000000000000e+03 5.340000000000000000e+03 5.364000000000000000e+03
5.699000000000000000e+03 5.335000000000000000e+03 5.342000000000000000e+03 5.347000000000000000e+03 5.366000000000000000e+03
5.704000000000000000e+03 5.332000000000000000e+03 5.340000000000000000e+03 5.348000000000000000e+03 5.365000000000000000e+03
5.705000000000000000e+03 5.331000000000000000e+03 5.344000000000000000e+03 5.351000000000000000e+03 5.368000000000000000e+03
5.703000000000000000e+03 5.345000000000000000e+03 5.349000000000000000e+03 5.346000000000000000e+03 5.368000000000000000e+03
5.706000000000000000e+03 5.348000000000000000e+03 5.344000000000000000e+03 5.353000000000000000e+03 5.370000000000000000e+03
5.704000000000000000e+03 5.336000000000000000e+03 5.349000000000000000e+03 5.348000000000000000e+03 5.371000000000000000e+03
5.701000000000000000e+03 5.337000000000000000e+03 5.347000000000000000e+03 5.353000000000000000e+03 5.369000000000000000e+03
5.694000000000000000e+03 5.311000000000000000e+03 5.337000000000000000e+03 5.345000000000000000e+03 5.370000000000000000e+03
5.695000000000000000e+03 5.331000000000000000e+03 5.328000000000000000e+03 5.341000000000000000e+03 5.369000000000000000e+03
5.703000000000000000e+03 5.328000000000000000e+03 5.344000000000000000e+03 5.349000000000000000e+03 5.370000000000000000e+03
5.701000000000000000e+03 5.340000000000000000e+03 5.347000000000000000e+03 5.353000000000000000e+03 5.370000000000000000e+03
5.693000000000000000e+03 5.323000000000000000e+03 5.350000000000000000e+03 5.352000000000000000e+03 5.372000000000000000e+03
5.713000000000000000e+03 5.337000000000000000e+03 5.349000000000000000e+03 5.349000000000000000e+03 5.371000000000000000e+03
5.701000000000000000e+03 5.334000000000000000e+03 5.333000000000000000e+03 5.354000000000000000e+03 5.373000000000000000e+03
5.694000000000000000e+03 5.340000000000000000e+03 5.338000000000000000e+03 5.358000000000000000e+03 5.371000000000000000e+03
5.693000000000000000e+03 5.337000000000000000e+03 5.355000000000000000e+03 5.354000000000000000e+03 5.372000000000000000e+03
5.700000000000000000e+03 5.320000000000000000e+03 5.353000000000000000e+03 5.354000000000000000e+03 5.373000000000000000e+03
5.700000000000000000e+03 5.339000000000000000e+03 5.340000000000000000e+03 5.351000000000000000e+03 5.372000000000000000e+03
5.698000000000000000e+03 5.334000000000000000e+03 5.345000000000000000e+03 5.346000000000000000e+03 5.373000000000000000e+03
5.707000000000000000e+03 5.332000000000000000e+03 5.340000000000000000e+03 5.348000000000000000e+03 5.373000000000000000e+03
5.703000000000000000e+03 5.342000000000000000e+03 5.346000000000000000e+03 5.357000000000000000e+03 5.373000000000000000e+03
5.698000000000000000e+03 5.317000000000000000e+03 5.353000000000000000e+03 5.347000000000000000e+03 5.371000000000000000e+03
5.702000000000000000e+03 5.321000000000000000e+03 5.345000000000000000e+03 5.359000000000000000e+03 5.373000000000000000e+03
5.699000000000000000e+03 5.337000000000000000e+03 5.333000000000000000e+03 5.355000000000000000e+03 5.373000000000000000e+03
5.700000000000000000e+03 5.326000000000000000e+03 5.354000000000000000e+03 5.360000000000000000e+03 5.373000000000000000e+03
5.701000000000000000e+03 5.342000000000000000e+03 5.354000000000000000e+03 5.361000000000000000e+03 5.375000000000000000e+03
5.699000000000000000e+03 5.345000000000000000e+03 5.358000000000000000e+03 5.358000000000000000e+03 5.375000000000000000e+03
5.710000000000000000e+03 5.343000000000000000e+03 5.341000000000000000e+03 5.358000000000000000e+03 5.375000000000000000e+03
5.701000000000000000e+03 5.331000000000000000e+03 5.349000000000000000e+03 5.356000000000000000e+03 5.374000000000000000e+03
