3.078000000000000000e+03 3.078000000000000000e+03 3.078000000000000000e+03 3.078000000000000000e+03 3.078000000000000000e+03
4.275000000000000000e+03 4.327000000000000000e+03 4.327000000000000000e+03 4.291000000000000000e+03 4.272000000000000000e+03
4.597000000000000000e+03 4.694000000000000000e+03 4.693000000000000000e+03 4.685000000000000000e+03 4.720000000000000000e+03
4.940000000000000000e+03 4.959000000000000000e+03 4.974000000000000000e+03 4.914000000000000000e+03 4.932000000000000000e+03
5.130000000000000000e+03 5.130000000000000000e+03 5.058000000000000000e+03 5.017000000000000000e+03 5.051000000000000000e+03
5.197000000000000000e+03 5.207000000000000000e+03 5.145000000000000000e+03 5.101000000000000000e+03 5.117000000000000000e+03
5.201000000000000000e+03 5.258000000000000000e+03 5.183000000000000000e+03 5.159000000000000000e+03 5.183000000000000000e+03
5.302000000000000000e+03 5.285000000000000000e+03 5.190000000000000000e+03 5.190000000000000000e+03 5.185000000000000000e+03
5.341000000000000000e+03 5.279000000000000000e+03 5.245000000000000000e+03 5.209000000000000000e+03 5.206000000000000000e+03
5.383000000000000000e+03 5.299000000000000000e+03 5.251000000000000000e+03 5.243000000000000000e+03 5.212000000000000000e+03
5.364000000000000000e+03 5.328000000000000000e+03 5.247000000000000000e+03 5.243000000000000000e+03 5.237000000000000000e+03
5.393000000000000000e+03 5.314000000000000000e+03 5.285000000000000000e+03 5.266000000000000000e+03 5.267000000000000000e+03
5.405000000000000000e+03 5.325000000000000000e+03 5.263000000000000000e+03 5.285000000000000000e+03 5.301000000000000000e+03
5.417000000000000000e+03 5.336000000000000000e+03 5.268000000000000000e+03 5.261000000000000000e+03 5.282000000000000000e+03
5.426000000000000000e+03 5.311000000000000000e+03 5.284000000000000000e+03 5.300000000000000000e+03 5.315000000000000000e+03
5.467000000000000000e+03 5.318000000000000000e+03 5.284000000000000000e+03 5.299000000000000000e+03 5.316000000000000000e+03
5.482000000000000000e+03 5.326000000000000000e+03 5.293000000000000000e+03 5.313000000000000000e+03 5.307000000000000000e+03
5.479000000000000000e+03 5.302000000000000000e+03 5.289000000000000000e+03 5.304000000000000000e+03 5.306000000000000000e+03
5.479000000000000000e+03 5.313000000000000000e+03 5.283000000000000000e+03 5.297000000000000000e+03 5.308000000000000000e+03
5.497000000000000000e+03 5.335000000000000000e+03 5.294000000000000000e+03 5.304000000000000000e+03 5.316000000000000000e+03
5.499000000000000000e+03 5.333000000000000000e+03 5.307000000000000000e+03 5.316000000000000000e+03 5.322000000000000000e+03
5.511000000000000000e+03 5.326000000000000000e+03 5.292000000000000000e+03 5.311000000000000000e+03 5.313000000000000000e+03
5.502000000000000000e+03 5.313000000000000000e+03 5.284000000000000000e+03 5.314000000000000000e+03 5.313000000000000000e+03
5.555000000000000000e+03 5.318000000000000000e+03 5.289000000000000000e+03 5.306000000000000000e+03 5.317000000000000000e+03
5.571000000000000000e+03 5.288000000000000000e+03 5.300000000000000000e+03 5.315000000000000000e+03 5.338000000000000000e+03
5.544000000000000000e+03 5.317000000000000000e+03 5.305000000000000000e+03 5.295000000000000000e+03 5.333000000000000000e+03
5.556000000000000000e+03 5.331000000000000000e+03 5.302000000000000000e+03 5.300000000000000000e+03 5.338000000000000000e+03
5.564000000000000000e+03 5.311000000000000000e+03 5.319000000000000000e+03 5.322000000000000000e+03 5.347000000000000000e+03
5.568000000000000000e+03 5.314000000000000000e+03 5.315000000000000000e+03 5.316000000000000000e+03 5.331000000000000000e+03
5.580000000000000000e+03 5.318000000000000000e+03 5.312000000000000000e+03 5.336000000000000000e+03 5.334000000000000000e+03
5.584000000000000000e+03 5.302000000000000000e+03 5.304000000000000000e+03 5.342000000000000000e+03 5.346000000000000000e+03
5.592000000000000000e+03 5.326000000000000000e+03 5.302000000000000000e+03 5.316000000000000000e+03 5.340000000000000000e+03
5.619000000000000000e+03 5.305000000000000000e+03 5.324000000000000000e+03 5.328000000000000000e+03 5.339000000000000000e+03
5.608000000000000000e+03 5.313000000000000000e+03 5.316000000000000000e+03 5.325000000000000000e+03 5.348000000000000000e+03
5.593000000000000000e+03 5.322000000000000000e+03 5.314000000000000000e+03 5.341000000000000000e+03 5.353000000000000000e+03
5.605000000000000000e+03 5.309000000000000000e+03 5.308000000000000000e+03 5.342000000000000000e+03 5.368000000000000000e+03
5.606000000000000000e+03 5.317000000000000000e+03 5.326000000000000000e+03 5.320000000000000000e+03 5.365000000000000000e+03
5.609000000000000000e+03 5.307000000000000000e+03 5.316000000000000000e+03 5.331000000000000000e+03 5.364000000000000000e+03
5.624000000000000000e+03 5.291000000000000000e+03 5.285000000000000000e+03 5.330000000000000000e+03 5.364000000000000000e+03
5.641000000000000000e+03 5.299000000000000000e+03 5.291000000000000000e+03 5.327000000000000000e+03 5.362000000000000000e+03
5.655000000000000000e+03 5.326000000000000000e+03 5.303000000000000000e+03 5.325000000000000000e+03 5.363000000000000000e+03
5.651000000000000000e+03 5.298000000000000000e+03 5.312000000000000000e+03 5.334000000000000000e+03 5.349000000000000000e+03
5.652000000000000000e+03 5.306000000000000000e+03 5.312000000000000000e+03 5.320000000000000000e+03 5.361000000000000000e+03
5.651000000000000000e+03 5.293000000000000000e+03 5.317000000000000000e+03 5.338000000000000000e+03 5.364000000000000000e+03
5.638000000000000000e+03 5.284000000000000000e+03 5.318000000000000000e+03 5.354000000000000000e+03 5.365000000000000000e+03
5.637000000000000000e+03 5.313000000000000000e+03 5.322000000000000000e+03 5.356000000000000000e+03 5.353000000000000000e+03
5.646000000000000000e+03 5.273000000000000000e+03 5.325000000000000000e+03 5.346000000000000000e+03 5.349000000000000000e+03
5.648000000000000000e+03 5.306000000000000000e+03 5.328000000000000000e+03 5.345000000000000000e+03 5.362000000000000000e+03
5.658000000000000000e+03 5.307000000000000000e+03 5.314000000000000000e+03 5.342000000000000000e+03 5.367000000000000000e+03
5.636000000000000000e+03 5.308000000000000000e+03 5.324000000000000000e+03 5.335000000000000000e+03 5.362000000000000000e+03
5.650000000000000000e+03 5.305000000000000000e+03 5.305000000000000000e+03 5.326000000000000000e+03 5.348000000000000000e+03
5.653000000000000000e+03 5.310000000000000000e+03 5.315000000000000000e+03 5.332000000000000000e+03 5.351000000000000000e+03
5.659000000000000000e+03 5.317000000000000000e+03 5.326000000000000000e+03 5.340000000000000000e+03 5.367000000000000000e+03
5.671000000000000000e+03 5.303000000000000000e+03 5.339000000000000000e+03 5.342000000000000000e+03 5.362000000000000000e+03
5.664000000000000000e+03 5.295000000000000000e+03 5.321000000000000000e+03 5.338000000000000000e+03 5.357000000000000000e+03
5.662000000000000000e+03 5.303000000000000000e+03 5.322000000000000000e+03 5.342000000000000000e+03 5.353000000000000000e+03
5.660000000000000000e+03 5.305000000000000000e+03 5.340000000000000000e+03 5.352000000000000000e+03 5.349000000000000000e+03
5.660000000000000000e+03 5.294000000000000000e+03 5.319000000000000000e+03 5.349000000000000000e+03 5.350000000000000000e+03
5.673000000000000000e+03 5.284000000000000000e+03 5.315000000000000000e+03 5.344000000000000000e+03 5.345000000000000000e+03
5.674000000000000000e+03 5.261000000000000000e+03 5.317000000000000000e+03 5.334000000000000000e+03 5.360000000000000000e+03
5.667000000000000000e+03 5.297000000000000000e+03 5.332000000000000000e+03 5.335000000000000000e+03 5.366000000000000000e+03
5.659000000000000000e+03 5.304000000000000000e+03 5.323000000000000000e+03 5.335000000000000000e+03 5.366000000000000000e+03
5.679000000000000000e+03 5.281000000000000000e+03 5.329000000000000000e+03 5.338000000000000000e+03 5.365000000000000000e+03
5.667000000000000000e+03 5.306000000000000000e+03 5.325000000000000000e+03 5.335000000000000000e+03 5.357000000000000000e+03
5.668000000000000000e+03 5.320000000000000000e+03 5.334000000000000000e+03 5.338000000000000000e+03 5.358000000000000000e+03
5.682000000000000000e+03 5.299000000000000000e+03 5.325000000000000000e+03 5.338000000000000000e+03 5.361000000000000000e+03
5.679000000000000000e+03 5.296000000000000000e+03 5.321000000000000000e+03 5.343000000000000000e+03 5.358000000000000000e+03
5.660000000000000000e+03 5.300000000000000000e+03 5.327000000000000000e+03 5.349000000000000000e+03 5.362000000000000000e+03
5.659000000000000000e+03 5.297000000000000000e+03 5.332000000000000000e+03 5.337000000000000000e+03 5.358000000000000000e+03
5.660000000000000000e+03 5.284000000000000000e+03 5.339000000000000000e+03 5.344000000000000000e+03 5.349000000000000000e+03
5.666000000000000000e+03 5.302000000000000000e+03 5.335000000000000000e+03 5.340000000000000000e+03 5.356000000000000000e+03
5.683000000000000000e+03 5.302000000000000000e+03 5.311000000000000000e+03 5.331000000000000000e+03 5.352000000000000000e+03
5.668000000000000000e+03 5.298000000000000000e+03 5.328000000000000000e+03 5.342000000000000000e+03 5.356000000000000000e+03
5.677000000000000000e+03 5.304000000000000000e+03 5.328000000000000000e+03 5.336000000000000000e+03 5.356000000000000000e+03
5.669000000000000000e+03 5.306000000000000000e+03 5.329000000000000000e+03 5.334000000000000000e+03 5.362000000000000000e+03
5.674000000000000000e+03 5.306000000000000000e+03 5.344000000000000000e+03 5.350000000000000000e+03 5.363000000000000000e+03
5.684000000000000000e+03 5.297000000000000000e+03 5.330000000000000000e+03 5.344000000000000000e+03 5.369000000000000000e+03
5.683000000000000000e+03 5.294000000000000000e+03 5.337000000000000000e+03 5.341000000000000000e+03 5.372000000000000000e+03
5.672000000000000000e+03 5.296000000000000000e+03 5.321000000000000000e+03 5.343000000000000000e+03 5.356000000000000000e+03
5.682000000000000000e+03 5.295000000000000000e+03 5.343000000000000000e+03 5.341000000000000000e+03 5.357000000000000000e+03
5.677000000000000000e+03 5.318000000000000000e+03 5.334000000000000000e+03 5.334000000000000000e+03 5.348000000000000000e+03
5.665000000000000000e+03 5.309000000000000000e+03 5.331000000000000000e+03 5.348000000000000000e+03 5.357000000000000000e+03
5.660000000000000000e+03 5.288000000000000000e+03 5.336000000000000000e+03 5.338000000000000000e+03 5.350000000000000000e+03
5.661000000000000000e+03 5.308000000000000000e+03 5.335000000000000000e+03 5.350000000000000000e+03 5.361000000000000000e+03
5.657000000000000000e+03 5.298000000000000000e+03 5.319000000000000000e+03 5.353000000000000000e+03 5.353000000000000000e+03
5.650000000000000000e+03 5.314000000000000000e+03 5.339000000000000000e+03 5.351000000000000000e+03 5.360000000000000000e+03
5.667000000000000000e+03 5.308000000000000000e+03 5.328000000000000000e+03 5.341000000000000000e+03 5.359000000000000000e+03
5.675000000000000000e+03 5.320000000000000000e+03 5.332000000000000000e+03 5.342000000000000000e+03 5.358000000000000000e+03
5.685000000000000000e+03 5.282000000000000000e+03 5.332000000000000000e+03 5.340000000000000000e+03 5.348000000000000000e+03
5.680000000000000000e+03 5.306000000000000000e+03 5.336000000000000000e+03 5.344000000000000000e+03 5.339000000000000000e+03
5.668000000000000000e+03 5.311000000000000000e+03 5.315000000000000000e+03 5.343000000000000000e+03 5.346000000000000000e+03
5.675000000000000000e+03 5.312000000000000000e+03 5.316000000000000000e+03 5.350000000000000000e+03 5.351000000000000000e+03
5.677000000000000000e+03 5.308000000000000000e+03 5.323000000000000000e+03 5.351000000000000000e+03 5.349000000000000000e+03
5.673000000000000000e+03 5.317000000000000000e+03 5.319000000000000000e+03 5.345000000000000000e+03 5.344000000000000000e+03
5.681000000000000000e+03 5.319000000000000000e+03 5.325000000000000000e+03 5.350000000000000000e+03 5.354000000000000000e+03
5.681000000000000000e+03 5.333000000000000000e+03 5.345000000000000000e+03 5.352000000000000000e+03 5.354000000000000000e+03
5.681000000000000000e+03 5.315000000000000000e+03 5.329000000000000000e+03 5.357000000000000000e+03 5.363000000000000000e+03
5.689000000000000000e+03 5.304000000000000000e+03 5.337000000000000000e+03 5.365000000000000000e+03 5.364000000000000000e+03
5.689000000000000000e+03 5.321000000000000000e+03 5.331000000000000000e+03 5.356000000000000000e+03 5.363000000000000000e+03
5.681000000000000000e+03 5.313000000000000000e+03 5.338000000000000000e+03 5.347000000000000000e+03 5.361000000000000000e+03
5.677000000000000000e+03 5.315000000000000000e+03 5.335000000000000000e+03 5.357000000000000000e+03 5.359000000000000000e+03
5.669000000000000000e+03 5.317000000000000000e+03 5.328000000000000000e+03 5.350000000000000000e+03 5.362000000000000000e+03
5.674000000000000000e+03 5.327000000000000000e+03 5.337000000000000000e+03 5.351000000000000000e+03 5.366000000000000000e+03
5.674000000000000000e+03 5.300000000000000000e+03 5.317000000000000000e+03 5.346000000000000000e+03 5.364000000000000000e+03
5.684000000000000000e+03 5.321000000000000000e+03 5.328000000000000000e+03 5.359000000000000000e+03 5.369000000000000000e+03
5.686000000000000000e+03 5.311000000000000000e+03 5.329000000000000000e+03 5.356000000000000000e+03 5.370000000000000000e+03
5.687000000000000000e+03 5.308000000000000000e+03 5.341000000000000000e+03 5.357000000000000000e+03 5.371000000000000000e+03
5.688000000000000000e+03 5.319000000000000000e+03 5.341000000000000000e+03 5.341000000000000000e+03 5.371000000000000000e+03
5.692000000000000000e+03 5.320000000000000000e+03 5.334000000000000000e+03 5.351000000000000000e+03 5.369000000000000000e+03
5.681000000000000000e+03 5.307000000000000000e+03 5.335000000000000000e+03 5.327000000000000000e+03 5.376000000000000000e+03
5.675000000000000000e+03 5.299000000000000000e+03 5.342000000000000000e+03 5.353000000000000000e+03 5.371000000000000000e+03
5.679000000000000000e+03 5.318000000000000000e+03 5.338000000000000000e+03 5.333000000000000000e+03 5.363000000000000000e+03
5.684000000000000000e+03 5.317000000000000000e+03 5.331000000000000000e+03 5.333000000000000000e+03 5.370000000000000000e+03
5.679000000000000000e+03 5.322000000000000000e+03 5.319000000000000000e+03 5.337000000000000000e+03 5.368000000000000000e+03
5.688000000000000000e+03 5.331000000000000000e+03 5.334000000000000000e+03 5.330000000000000000e+03 5.372000000000000000e+03
5.668000000000000000e+03 5.332000000000000000e+03 5.344000000000000000e+03 5.329000000000000000e+03 5.377000000000000000e+03
5.671000000000000000e+03 5.316000000000000000e+03 5.321000000000000000e+03 5.336000000000000000e+03 5.374000000000000000e+03
5.671000000000000000e+03 5.319000000000000000e+03 5.327000000000000000e+03 5.346000000000000000e+03 5.370000000000000000e+03
5.693000000000000000e+03 5.333000000000000000e+03 5.332000000000000000e+03 5.345000000000000000e+03 5.375000000000000000e+03
5.679000000000000000e+03 5.315000000000000000e+03 5.334000000000000000e+03 5.335000000000000000e+03 5.371000000000000000e+03
5.675000000000000000e+03 5.304000000000000000e+03 5.323000000000000000e+03 5.333000000000000000e+03 5.368000000000000000e+03
5.671000000000000000e+03 5.318000000000000000e+03 5.316000000000000000e+03 5.341000000000000000e+03 5.367000000000000000e+03
5.685000000000000000e+03 5.319000000000000000e+03 5.340000000000000000e+03 5.351000000000000000e+03 5.361000000000000000e+03
5.685000000000000000e+03 5.316000000000000000e+03 5.336000000000000000e+03 5.346000000000000000e+03 5.364000000000000000e+03
5.687000000000000000e+03 5.315000000000000000e+03 5.324000000000000000e+03 5.346000000000000000e+03 5.361000000000000000e+03
5.688000000000000000e+03 5.323000000000000000e+03 5.329000000000000000e+03 5.341000000000000000e+03 5.358000000000000000e+03
5.687000000000000000e+03 5.299000000000000000e+03 5.330000000000000000e+03 5.349000000000000000e+03 5.355000000000000000e+03
5.652000000000000000e+03 5.332000000000000000e+03 5.329000000000000000e+03 5.337000000000000000e+03 5.359000000000000000e+03
5.654000000000000000e+03 5.327000000000000000e+03 5.332000000000000000e+03 5.336000000000000000e+03 5.363000000000000000e+03
5.677000000000000000e+03 5.324000000000000000e+03 5.333000000000000000e+03 5.345000000000000000e+03 5.366000000000000000e+03
5.684000000000000000e+03 5.327000000000000000e+03 5.338000000000000000e+03 5.347000000000000000e+03 5.365000000000000000e+03
5.680000000000000000e+03 5.308000000000000000e+03 5.339000000000000000e+03 5.335000000000000000e+03 5.366000000000000000e+03
5.682000000000000000e+03 5.321000000000000000e+03 5.321000000000000000e+03 5.358000000000000000e+03 5.362000000000000000e+03
5.690000000000000000e+03 5.319000000000000000e+03 5.311000000000000000e+03 5.341000000000000000e+03 5.360000000000000000e+03
5.687000000000000000e+03 5.308000000000000000e+03 5.328000000000000000e+03 5.348000000000000000e+03 5.370000000000000000e+03
5.683000000000000000e+03 5.319000000000000000e+03 5.324000000000000000e+03 5.341000000000000000e+03 5.366000000000000000e+03
5.689000000000000000e+03 5.318000000000000000e+03 5.321000000000000000e+03 5.343000000000000000e+03 5.361000000000000000e+03
5.675000000000000000e+03 5.309000000000000000e+03 5.326000000000000000e+03 5.345000000000000000e+03 5.365000000000000000e+03
5.682000000000000000e+03 5.319000000000000000e+03 5.322000000000000000e+03 5.337000000000000000e+03 5.365000000000000000e+03
5.687000000000000000e+03 5.323000000000000000e+03 5.345000000000000000e+03 5.345000000000000000e+03 5.364000000000000000e+03
5.681000000000000000e+03 5.319000000000000000e+03 5.328000000000000000e+03 5.343000000000000000e+03 5.359000000000000000e+03
5.678000000000000000e+03 5.326000000000000000e+03 5.320000000000000000e+03 5.347000000000000000e+03 5.357000000000000000e+03
5.669000000000000000e+03 5.322000000000000000e+03 5.328000000000000000e+03 5.338000000000000000e+03 5.354000000000000000e+03
5.684000000000000000e+03 5.295000000000000000e+03 5.339000000000000000e+03 5.342000000000000000e+03 5.352000000000000000e+03
5.674000000000000000e+03 5.311000000000000000e+03 5.323000000000000000e+03 5.342000000000000000e+03 5.353000000000000000e+03
5.690000000000000000e+03 5.318000000000000000e+03 5.332000000000000000e+03 5.343000000000000000e+03 5.360000000000000000e+03
5.687000000000000000e+03 5.330000000000000000e+03 5.328000000000000000e+03 5.339000000000000000e+03 5.355000000000000000e+03
5.682000000000000000e+03 5.337000000000000000e+03 5.338000000000000000e+03 5.339000000000000000e+03 5.358000000000000000e+03
5.686000000000000000e+03 5.334000000000000000e+03 5.336000000000000000e+03 5.333000000000000000e+03 5.361000000000000000e+03
5.677000000000000000e+03 5.314000000000000000e+03 5.329000000000000000e+03 5.340000000000000000e+03 5.356000000000000000e+03
