3.093000000000000000e+03 3.093000000000000000e+03 3.093000000000000000e+03 3.093000000000000000e+03 3.093000000000000000e+03
4.317666666666666970e+03 4.332333333333333030e+03 4.290333333333333030e+03 4.300333333333333030e+03 4.304333333333333030e+03
4.629666666666666970e+03 4.643666666666666970e+03 4.641666666666666970e+03 4.635333333333333030e+03 4.633333333333333030e+03
4.943666666666666970e+03 4.933000000000000000e+03 4.952000000000000000e+03 4.948000000000000000e+03 4.950666666666666970e+03
5.112000000000000000e+03 5.104666666666666970e+03 5.108333333333333030e+03 5.116666666666666970e+03 5.090000000000000000e+03
5.202666666666666970e+03 5.195666666666666970e+03 5.206000000000000000e+03 5.212000000000000000e+03 5.205000000000000000e+03
5.242000000000000000e+03 5.253666666666666970e+03 5.267333333333333030e+03 5.241000000000000000e+03 5.252000000000000000e+03
5.284333333333333030e+03 5.289000000000000000e+03 5.292000000000000000e+03 5.274333333333333030e+03 5.290333333333333030e+03
5.317333333333333030e+03 5.334333333333333030e+03 5.339000000000000000e+03 5.325333333333333030e+03 5.333000000000000000e+03
5.349333333333333030e+03 5.364000000000000000e+03 5.360333333333333030e+03 5.336666666666666970e+03 5.365666666666666970e+03
5.357333333333333030e+03 5.361666666666666970e+03 5.379666666666666970e+03 5.366666666666666970e+03 5.370666666666666970e+03
5.396666666666666970e+03 5.386000000000000000e+03 5.408666666666666970e+03 5.396333333333333030e+03 5.391000000000000000e+03
5.437333333333333030e+03 5.420333333333333030e+03 5.416666666666666970e+03 5.413333333333333030e+03 5.431333333333333030e+03
5.445333333333333030e+03 5.429666666666666970e+03 5.439666666666666970e+03 5.439000000000000000e+03 5.445666666666666970e+03
5.456666666666666970e+03 5.467000000000000000e+03 5.452000000000000000e+03 5.444333333333333030e+03 5.450000000000000000e+03
5.477666666666666970e+03 5.459333333333333030e+03 5.465333333333333030e+03 5.457000000000000000e+03 5.469000000000000000e+03
5.467333333333333030e+03 5.479000000000000000e+03 5.483000000000000000e+03 5.474666666666666970e+03 5.472333333333333030e+03
5.498000000000000000e+03 5.496000000000000000e+03 5.492000000000000000e+03 5.495000000000000000e+03 5.491000000000000000e+03
5.495666666666666970e+03 5.482333333333333030e+03 5.501000000000000000e+03 5.520666666666666970e+03 5.490000000000000000e+03
5.497333333333333030e+03 5.499000000000000000e+03 5.512000000000000000e+03 5.503333333333333030e+03 5.506333333333333030e+03
5.508000000000000000e+03 5.515333333333333030e+03 5.500666666666666970e+03 5.506333333333333030e+03 5.507333333333333030e+03
5.508000000000000000e+03 5.518333333333333030e+03 5.524000000000000000e+03 5.500666666666666970e+03 5.509333333333333030e+03
5.532666666666666970e+03 5.523666666666666970e+03 5.523000000000000000e+03 5.523000000000000000e+03 5.524333333333333030e+03
5.533666666666666970e+03 5.542333333333333030e+03 5.527000000000000000e+03 5.533666666666666970e+03 5.537000000000000000e+03
5.562666666666666970e+03 5.566000000000000000e+03 5.551333333333333030e+03 5.570000000000000000e+03 5.568666666666666970e+03
5.571333333333333030e+03 5.580333333333333030e+03 5.571666666666666970e+03 5.563666666666666970e+03 5.558666666666666970e+03
5.565333333333333030e+03 5.565000000000000000e+03 5.584000000000000000e+03 5.569333333333333030e+03 5.570666666666666970e+03
5.584666666666666970e+03 5.576666666666666970e+03 5.588333333333333030e+03 5.583333333333333030e+03 5.584666666666666970e+03
5.595000000000000000e+03 5.577000000000000000e+03 5.588333333333333030e+03 5.591666666666666970e+03 5.587333333333333030e+03
5.593666666666666970e+03 5.593666666666666970e+03 5.600000000000000000e+03 5.595666666666666970e+03 5.587666666666666970e+03
5.601666666666666970e+03 5.604666666666666970e+03 5.603333333333333030e+03 5.606000000000000000e+03 5.599666666666666970e+03
5.615000000000000000e+03 5.621666666666666970e+03 5.612000000000000000e+03 5.611666666666666970e+03 5.615333333333333030e+03
5.617000000000000000e+03 5.622333333333333030e+03 5.627333333333333030e+03 5.621333333333333030e+03 5.615333333333333030e+03
5.624333333333333030e+03 5.630333333333333030e+03 5.632666666666666970e+03 5.629666666666666970e+03 5.612333333333333030e+03
5.627333333333333030e+03 5.635666666666666970e+03 5.619333333333333030e+03 5.630666666666666970e+03 5.611666666666666970e+03
5.625000000000000000e+03 5.634666666666666970e+03 5.628333333333333030e+03 5.625333333333333030e+03 5.631666666666666970e+03
5.637333333333333030e+03 5.627000000000000000e+03 5.623666666666666970e+03 5.636000000000000000e+03 5.621333333333333030e+03
5.635666666666666970e+03 5.628666666666666970e+03 5.624000000000000000e+03 5.625000000000000000e+03 5.628000000000000000e+03
5.633000000000000000e+03 5.633666666666666970e+03 5.629333333333333030e+03 5.629333333333333030e+03 5.635333333333333030e+03
5.646666666666666970e+03 5.637666666666666970e+03 5.647333333333333030e+03 5.635333333333333030e+03 5.641333333333333030e+03
5.650666666666666970e+03 5.644000000000000000e+03 5.650666666666666970e+03 5.651666666666666970e+03 5.649666666666666970e+03
5.651666666666666970e+03 5.647000000000000000e+03 5.650666666666666970e+03 5.661666666666666970e+03 5.653666666666666970e+03
5.646333333333333030e+03 5.655333333333333030e+03 5.652666666666666970e+03 5.651333333333333030e+03 5.652666666666666970e+03
5.652000000000000000e+03 5.650666666666666970e+03 5.654666666666666970e+03 5.652333333333333030e+03 5.656666666666666970e+03
5.658000000000000000e+03 5.655333333333333030e+03 5.666666666666666970e+03 5.659333333333333030e+03 5.654666666666666970e+03
5.666000000000000000e+03 5.662333333333333030e+03 5.664666666666666970e+03 5.655000000000000000e+03 5.660000000000000000e+03
5.661666666666666970e+03 5.662000000000000000e+03 5.656666666666666970e+03 5.658000000000000000e+03 5.665666666666666970e+03
5.668000000000000000e+03 5.671333333333333030e+03 5.663000000000000000e+03 5.665333333333333030e+03 5.667666666666666970e+03
5.670666666666666970e+03 5.669000000000000000e+03 5.661666666666666970e+03 5.668000000000000000e+03 5.667333333333333030e+03
5.663666666666666970e+03 5.667666666666666970e+03 5.667666666666666970e+03 5.670000000000000000e+03 5.661000000000000000e+03
5.669000000000000000e+03 5.656000000000000000e+03 5.659000000000000000e+03 5.667000000000000000e+03 5.663666666666666970e+03
5.661333333333333030e+03 5.659666666666666970e+03 5.660000000000000000e+03 5.661666666666666970e+03 5.671333333333333030e+03
5.664333333333333030e+03 5.662333333333333030e+03 5.659333333333333030e+03 5.663666666666666970e+03 5.670000000000000000e+03
5.672000000000000000e+03 5.667333333333333030e+03 5.664000000000000000e+03 5.667333333333333030e+03 5.671666666666666970e+03
5.685000000000000000e+03 5.677333333333333030e+03 5.675666666666666970e+03 5.670000000000000000e+03 5.675666666666666970e+03
5.678333333333333030e+03 5.685000000000000000e+03 5.680333333333333030e+03 5.678666666666666970e+03 5.678000000000000000e+03
5.676333333333333030e+03 5.676666666666666970e+03 5.673333333333333030e+03 5.674000000000000000e+03 5.675666666666666970e+03
5.676000000000000000e+03 5.673666666666666970e+03 5.676000000000000000e+03 5.673000000000000000e+03 5.675666666666666970e+03
5.681666666666666970e+03 5.678666666666666970e+03 5.679333333333333030e+03 5.681666666666666970e+03 5.687666666666666970e+03
5.686333333333333030e+03 5.677666666666666970e+03 5.679000000000000000e+03 5.675000000000000000e+03 5.679666666666666970e+03
5.684000000000000000e+03 5.684333333333333030e+03 5.686000000000000000e+03 5.678000000000000000e+03 5.681333333333333030e+03
5.682000000000000000e+03 5.689333333333333030e+03 5.683000000000000000e+03 5.681666666666666970e+03 5.674666666666666970e+03
5.678666666666666970e+03 5.684666666666666970e+03 5.691333333333333030e+03 5.688333333333333030e+03 5.684333333333333030e+03
5.673666666666666970e+03 5.686000000000000000e+03 5.679000000000000000e+03 5.683333333333333030e+03 5.682666666666666970e+03
5.678000000000000000e+03 5.671333333333333030e+03 5.671333333333333030e+03 5.676666666666666970e+03 5.673000000000000000e+03
5.676666666666666970e+03 5.679000000000000000e+03 5.668333333333333030e+03 5.674333333333333030e+03 5.677666666666666970e+03
5.677666666666666970e+03 5.676666666666666970e+03 5.682333333333333030e+03 5.678000000000000000e+03 5.670666666666666970e+03
5.682000000000000000e+03 5.684333333333333030e+03 5.683333333333333030e+03 5.681666666666666970e+03 5.681000000000000000e+03
5.686666666666666970e+03 5.686000000000000000e+03 5.690000000000000000e+03 5.689333333333333030e+03 5.691000000000000000e+03
5.686333333333333030e+03 5.687000000000000000e+03 5.685333333333333030e+03 5.689333333333333030e+03 5.686000000000000000e+03
5.691333333333333030e+03 5.692000000000000000e+03 5.685666666666666970e+03 5.692666666666666970e+03 5.689000000000000000e+03
5.686000000000000000e+03 5.683000000000000000e+03 5.693333333333333030e+03 5.687333333333333030e+03 5.679333333333333030e+03
5.670000000000000000e+03 5.662333333333333030e+03 5.671666666666666970e+03 5.666000000000000000e+03 5.669333333333333030e+03
5.678666666666666970e+03 5.663333333333333030e+03 5.669333333333333030e+03 5.668333333333333030e+03 5.665666666666666970e+03
5.684000000000000000e+03 5.685000000000000000e+03 5.688333333333333030e+03 5.687000000000000000e+03 5.684666666666666970e+03
5.682333333333333030e+03 5.677333333333333030e+03 5.683000000000000000e+03 5.676666666666666970e+03 5.679666666666666970e+03
5.683666666666666970e+03 5.685666666666666970e+03 5.682333333333333030e+03 5.673000000000000000e+03 5.682333333333333030e+03
5.676333333333333030e+03 5.680333333333333030e+03 5.680666666666666970e+03 5.679000000000000000e+03 5.679333333333333030e+03
5.682000000000000000e+03 5.681666666666666970e+03 5.680666666666666970e+03 5.682666666666666970e+03 5.681666666666666970e+03
5.682333333333333030e+03 5.697333333333333030e+03 5.687000000000000000e+03 5.687000000000000000e+03 5.684333333333333030e+03
5.688333333333333030e+03 5.685666666666666970e+03 5.678333333333333030e+03 5.687333333333333030e+03 5.685333333333333030e+03
5.677333333333333030e+03 5.682666666666666970e+03 5.678666666666666970e+03 5.673666666666666970e+03 5.680000000000000000e+03
5.675666666666666970e+03 5.676000000000000000e+03 5.676666666666666970e+03 5.673666666666666970e+03 5.680000000000000000e+03
5.681333333333333030e+03 5.679333333333333030e+03 5.680666666666666970e+03 5.681666666666666970e+03 5.680666666666666970e+03
5.678000000000000000e+03 5.683666666666666970e+03 5.681666666666666970e+03 5.686333333333333030e+03 5.682333333333333030e+03
5.686666666666666970e+03 5.688000000000000000e+03 5.690000000000000000e+03 5.686666666666666970e+03 5.685000000000000000e+03
5.694333333333333030e+03 5.696000000000000000e+03 5.698000000000000000e+03 5.690000000000000000e+03 5.692333333333333030e+03
5.691666666666666970e+03 5.691000000000000000e+03 5.688666666666666970e+03 5.691666666666666970e+03 5.685666666666666970e+03
5.680000000000000000e+03 5.680666666666666970e+03 5.686666666666666970e+03 5.682666666666666970e+03 5.684666666666666970e+03
5.688666666666666970e+03 5.685333333333333030e+03 5.686333333333333030e+03 5.680666666666666970e+03 5.678000000000000000e+03
5.692333333333333030e+03 5.693000000000000000e+03 5.692000000000000000e+03 5.687333333333333030e+03 5.689333333333333030e+03
5.686000000000000000e+03 5.688000000000000000e+03 5.684333333333333030e+03 5.683000000000000000e+03 5.686000000000000000e+03
5.683000000000000000e+03 5.684666666666666970e+03 5.679000000000000000e+03 5.681666666666666970e+03 5.677333333333333030e+03
5.694666666666666970e+03 5.688666666666666970e+03 5.689333333333333030e+03 5.694333333333333030e+03 5.689333333333333030e+03
5.694333333333333030e+03 5.690000000000000000e+03 5.690333333333333030e+03 5.699000000000000000e+03 5.689000000000000000e+03
5.685000000000000000e+03 5.686333333333333030e+03 5.689000000000000000e+03 5.692666666666666970e+03 5.686000000000000000e+03
5.681666666666666970e+03 5.680666666666666970e+03 5.680333333333333030e+03 5.682000000000000000e+03 5.680666666666666970e+03
5.686666666666666970e+03 5.683000000000000000e+03 5.676333333333333030e+03 5.682000000000000000e+03 5.680333333333333030e+03
5.691333333333333030e+03 5.685666666666666970e+03 5.684666666666666970e+03 5.684333333333333030e+03 5.691666666666666970e+03
5.688333333333333030e+03 5.694000000000000000e+03 5.693666666666666970e+03 5.689666666666666970e+03 5.689333333333333030e+03
5.690000000000000000e+03 5.688000000000000000e+03 5.696666666666666970e+03 5.688333333333333030e+03 5.689333333333333030e+03
5.676333333333333030e+03 5.669333333333333030e+03 5.666000000000000000e+03 5.676666666666666970e+03 5.673333333333333030e+03
5.679666666666666970e+03 5.678000000000000000e+03 5.675000000000000000e+03 5.676333333333333030e+03 5.678000000000000000e+03
5.686000000000000000e+03 5.692000000000000000e+03 5.693666666666666970e+03 5.690000000000000000e+03 5.687666666666666970e+03
5.698000000000000000e+03 5.695333333333333030e+03 5.689666666666666970e+03 5.692666666666666970e+03 5.690333333333333030e+03
5.697000000000000000e+03 5.696333333333333030e+03 5.688000000000000000e+03 5.694333333333333030e+03 5.697000000000000000e+03
5.696666666666666970e+03 5.697333333333333030e+03 5.696333333333333030e+03 5.693333333333333030e+03 5.693333333333333030e+03
5.692666666666666970e+03 5.695666666666666970e+03 5.694666666666666970e+03 5.697333333333333030e+03 5.700000000000000000e+03
5.692666666666666970e+03 5.699000000000000000e+03 5.695000000000000000e+03 5.695666666666666970e+03 5.688333333333333030e+03
5.685333333333333030e+03 5.686000000000000000e+03 5.688333333333333030e+03 5.690000000000000000e+03 5.682000000000000000e+03
5.689000000000000000e+03 5.693666666666666970e+03 5.687666666666666970e+03 5.689666666666666970e+03 5.693000000000000000e+03
5.687000000000000000e+03 5.689666666666666970e+03 5.683333333333333030e+03 5.692333333333333030e+03 5.688000000000000000e+03
5.682333333333333030e+03 5.683666666666666970e+03 5.686000000000000000e+03 5.683000000000000000e+03 5.679333333333333030e+03
5.683666666666666970e+03 5.677000000000000000e+03 5.680000000000000000e+03 5.672333333333333030e+03 5.681000000000000000e+03
5.685666666666666970e+03 5.685333333333333030e+03 5.684000000000000000e+03 5.685666666666666970e+03 5.687333333333333030e+03
5.687666666666666970e+03 5.684000000000000000e+03 5.678000000000000000e+03 5.686333333333333030e+03 5.684000000000000000e+03
5.670000000000000000e+03 5.665333333333333030e+03 5.669666666666666970e+03 5.670333333333333030e+03 5.671666666666666970e+03
5.672333333333333030e+03 5.673666666666666970e+03 5.675000000000000000e+03 5.671666666666666970e+03 5.671666666666666970e+03
5.683000000000000000e+03 5.686333333333333030e+03 5.678000000000000000e+03 5.684666666666666970e+03 5.680666666666666970e+03
5.688333333333333030e+03 5.683666666666666970e+03 5.687000000000000000e+03 5.691333333333333030e+03 5.691333333333333030e+03
5.689666666666666970e+03 5.693666666666666970e+03 5.697000000000000000e+03 5.687333333333333030e+03 5.701000000000000000e+03
5.690000000000000000e+03 5.700000000000000000e+03 5.692000000000000000e+03 5.693333333333333030e+03 5.694666666666666970e+03
5.692333333333333030e+03 5.691666666666666970e+03 5.694000000000000000e+03 5.691000000000000000e+03 5.693000000000000000e+03
5.698000000000000000e+03 5.696666666666666970e+03 5.694333333333333030e+03 5.700000000000000000e+03 5.701000000000000000e+03
5.690000000000000000e+03 5.696666666666666970e+03 5.687333333333333030e+03 5.696333333333333030e+03 5.698666666666666970e+03
5.699666666666666970e+03 5.695666666666666970e+03 5.689333333333333030e+03 5.698000000000000000e+03 5.692000000000000000e+03
5.698000000000000000e+03 5.695000000000000000e+03 5.696333333333333030e+03 5.696666666666666970e+03 5.691000000000000000e+03
5.662333333333333030e+03 5.672666666666666970e+03 5.682666666666666970e+03 5.667333333333333030e+03 5.669333333333333030e+03
5.659666666666666970e+03 5.666000000000000000e+03 5.647666666666666970e+03 5.657333333333333030e+03 5.655000000000000000e+03
5.670666666666666970e+03 5.682666666666666970e+03 5.678333333333333030e+03 5.677666666666666970e+03 5.677333333333333030e+03
5.690333333333333030e+03 5.689666666666666970e+03 5.698333333333333030e+03 5.691666666666666970e+03 5.685000000000000000e+03
5.691000000000000000e+03 5.692000000000000000e+03 5.692333333333333030e+03 5.694666666666666970e+03 5.691666666666666970e+03
5.694666666666666970e+03 5.689666666666666970e+03 5.683333333333333030e+03 5.688333333333333030e+03 5.694000000000000000e+03
5.698666666666666970e+03 5.691666666666666970e+03 5.695000000000000000e+03 5.690333333333333030e+03 5.694666666666666970e+03
5.690000000000000000e+03 5.692000000000000000e+03 5.691333333333333030e+03 5.693000000000000000e+03 5.692333333333333030e+03
5.696333333333333030e+03 5.694333333333333030e+03 5.692333333333333030e+03 5.695666666666666970e+03 5.698000000000000000e+03
5.697333333333333030e+03 5.694666666666666970e+03 5.698666666666666970e+03 5.695666666666666970e+03 5.696333333333333030e+03
5.698000000000000000e+03 5.688666666666666970e+03 5.691666666666666970e+03 5.692333333333333030e+03 5.693666666666666970e+03
5.692333333333333030e+03 5.690000000000000000e+03 5.685666666666666970e+03 5.692333333333333030e+03 5.689000000000000000e+03
5.689333333333333030e+03 5.687333333333333030e+03 5.689000000000000000e+03 5.684333333333333030e+03 5.694666666666666970e+03
5.686666666666666970e+03 5.685666666666666970e+03 5.687666666666666970e+03 5.688000000000000000e+03 5.685000000000000000e+03
5.696333333333333030e+03 5.690666666666666970e+03 5.685666666666666970e+03 5.685666666666666970e+03 5.693000000000000000e+03
5.701000000000000000e+03 5.699666666666666970e+03 5.700333333333333030e+03 5.691000000000000000e+03 5.695666666666666970e+03
5.690000000000000000e+03 5.695666666666666970e+03 5.693666666666666970e+03 5.697333333333333030e+03 5.692000000000000000e+03
5.689666666666666970e+03 5.691000000000000000e+03 5.695000000000000000e+03 5.690000000000000000e+03 5.693666666666666970e+03
5.692666666666666970e+03 5.698000000000000000e+03 5.702000000000000000e+03 5.695666666666666970e+03 5.693666666666666970e+03
5.684666666666666970e+03 5.692000000000000000e+03 5.691666666666666970e+03 5.690666666666666970e+03 5.692666666666666970e+03
5.684666666666666970e+03 5.683333333333333030e+03 5.692000000000000000e+03 5.685666666666666970e+03 5.681000000000000000e+03
5.694666666666666970e+03 5.691000000000000000e+03 5.686666666666666970e+03 5.685000000000000000e+03 5.688666666666666970e+03
5.683000000000000000e+03 5.692666666666666970e+03 5.684666666666666970e+03 5.688333333333333030e+03 5.689000000000000000e+03
