6.777000000000000000e+03 6.564000000000000000e+03 6.584000000000000000e+03 6.618000000000000000e+03 6.707000000000000000e+03
7.037000000000000000e+03 6.523000000000000000e+03 6.636000000000000000e+03 6.547000000000000000e+03 6.663000000000000000e+03
7.084000000000000000e+03 6.719000000000000000e+03 6.462000000000000000e+03 6.559000000000000000e+03 6.621000000000000000e+03
7.241000000000000000e+03 6.710000000000000000e+03 6.623000000000000000e+03 6.573000000000000000e+03 6.612000000000000000e+03
7.173000000000000000e+03 6.750000000000000000e+03 6.619000000000000000e+03 6.664000000000000000e+03 6.637000000000000000e+03
7.288000000000000000e+03 6.820000000000000000e+03 6.674000000000000000e+03 6.698000000000000000e+03 6.656000000000000000e+03
7.214000000000000000e+03 6.838000000000000000e+03 6.668000000000000000e+03 6.731000000000000000e+03 6.625000000000000000e+03
7.294000000000000000e+03 6.856000000000000000e+03 6.772000000000000000e+03 6.731000000000000000e+03 6.720000000000000000e+03
7.362000000000000000e+03 7.016000000000000000e+03 6.790000000000000000e+03 6.834000000000000000e+03 6.812000000000000000e+03
7.304000000000000000e+03 7.055000000000000000e+03 6.937000000000000000e+03 6.894000000000000000e+03 6.805000000000000000e+03
7.548000000000000000e+03 7.103000000000000000e+03 6.899000000000000000e+03 6.937000000000000000e+03 6.814000000000000000e+03
7.910000000000000000e+03 7.240000000000000000e+03 6.950000000000000000e+03 6.922000000000000000e+03 6.957000000000000000e+03
8.087000000000000000e+03 7.417000000000000000e+03 7.065000000000000000e+03 7.003000000000000000e+03 6.973000000000000000e+03
8.158000000000000000e+03 7.463000000000000000e+03 7.125000000000000000e+03 7.077000000000000000e+03 6.987000000000000000e+03
8.137000000000000000e+03 7.463000000000000000e+03 7.091000000000000000e+03 6.999000000000000000e+03 6.972000000000000000e+03
8.323000000000000000e+03 7.675000000000000000e+03 7.301000000000000000e+03 7.063000000000000000e+03 6.974000000000000000e+03
8.391000000000000000e+03 7.705000000000000000e+03 7.247000000000000000e+03 7.156000000000000000e+03 7.111000000000000000e+03
8.475000000000000000e+03 7.819000000000000000e+03 7.371000000000000000e+03 7.256000000000000000e+03 7.064000000000000000e+03
8.577000000000000000e+03 7.849000000000000000e+03 7.373000000000000000e+03 7.290000000000000000e+03 7.211000000000000000e+03
8.621000000000000000e+03 7.844000000000000000e+03 7.379000000000000000e+03 7.387000000000000000e+03 7.090000000000000000e+03
8.769000000000000000e+03 7.980000000000000000e+03 7.427000000000000000e+03 7.332000000000000000e+03 7.197000000000000000e+03
8.837000000000000000e+03 8.076000000000000000e+03 7.549000000000000000e+03 7.396000000000000000e+03 7.313000000000000000e+03
8.737000000000000000e+03 8.157000000000000000e+03 7.569000000000000000e+03 7.467000000000000000e+03 7.349000000000000000e+03
9.070000000000000000e+03 8.159000000000000000e+03 7.630000000000000000e+03 7.623000000000000000e+03 7.410000000000000000e+03
9.113000000000000000e+03 8.260000000000000000e+03 7.662000000000000000e+03 7.541000000000000000e+03 7.359000000000000000e+03
9.221000000000000000e+03 8.305000000000000000e+03 7.663000000000000000e+03 7.587000000000000000e+03 7.323000000000000000e+03
9.195000000000000000e+03 8.307000000000000000e+03 7.812000000000000000e+03 7.625000000000000000e+03 7.446000000000000000e+03
9.073000000000000000e+03 8.387000000000000000e+03 7.832000000000000000e+03 7.736000000000000000e+03 7.427000000000000000e+03
9.178000000000000000e+03 8.419000000000000000e+03 7.890000000000000000e+03 7.790000000000000000e+03 7.490000000000000000e+03
9.419000000000000000e+03 8.576000000000000000e+03 7.884000000000000000e+03 7.737000000000000000e+03 7.553000000000000000e+03
9.699000000000000000e+03 8.690000000000000000e+03 7.987000000000000000e+03 7.791000000000000000e+03 7.569000000000000000e+03
9.411000000000000000e+03 8.694000000000000000e+03 8.011000000000000000e+03 7.893000000000000000e+03 7.563000000000000000e+03
9.615000000000000000e+03 8.597000000000000000e+03 8.040000000000000000e+03 7.965000000000000000e+03 7.616000000000000000e+03
9.960000000000000000e+03 8.776000000000000000e+03 8.110000000000000000e+03 8.008000000000000000e+03 7.655000000000000000e+03
9.780000000000000000e+03 8.798000000000000000e+03 8.164000000000000000e+03 7.961000000000000000e+03 7.747000000000000000e+03
1.017400000000000000e+04 8.832000000000000000e+03 8.134000000000000000e+03 8.033000000000000000e+03 7.819000000000000000e+03
1.032100000000000000e+04 8.804000000000000000e+03 8.275000000000000000e+03 8.152000000000000000e+03 7.821000000000000000e+03
1.042600000000000000e+04 8.892000000000000000e+03 8.265000000000000000e+03 8.123000000000000000e+03 7.809000000000000000e+03
1.069100000000000000e+04 8.901000000000000000e+03 8.362000000000000000e+03 8.200000000000000000e+03 7.900000000000000000e+03
1.079800000000000000e+04 8.903000000000000000e+03 8.353000000000000000e+03 8.123000000000000000e+03 8.005000000000000000e+03
1.086700000000000000e+04 8.963000000000000000e+03 8.367000000000000000e+03 8.195000000000000000e+03 8.039000000000000000e+03
1.117200000000000000e+04 9.045000000000000000e+03 8.430000000000000000e+03 8.294000000000000000e+03 8.066000000000000000e+03
1.131900000000000000e+04 9.090000000000000000e+03 8.467000000000000000e+03 8.289000000000000000e+03 8.104000000000000000e+03
1.141100000000000000e+04 9.065000000000000000e+03 8.525000000000000000e+03 8.404000000000000000e+03 8.154000000000000000e+03
1.155300000000000000e+04 9.190000000000000000e+03 8.518000000000000000e+03 8.429000000000000000e+03 8.179000000000000000e+03
1.169000000000000000e+04 9.100000000000000000e+03 8.621000000000000000e+03 8.510000000000000000e+03 8.244000000000000000e+03
1.181400000000000000e+04 8.981000000000000000e+03 8.727000000000000000e+03 8.627000000000000000e+03 8.288000000000000000e+03
1.206700000000000000e+04 9.160000000000000000e+03 8.695000000000000000e+03 8.584000000000000000e+03 8.394000000000000000e+03
1.220200000000000000e+04 9.189000000000000000e+03 8.763000000000000000e+03 8.622000000000000000e+03 8.334000000000000000e+03
1.244900000000000000e+04 9.201000000000000000e+03 8.807000000000000000e+03 8.611000000000000000e+03 8.310000000000000000e+03
1.259800000000000000e+04 9.279000000000000000e+03 8.747000000000000000e+03 8.706000000000000000e+03 8.416000000000000000e+03
1.281100000000000000e+04 9.278000000000000000e+03 8.835000000000000000e+03 8.716000000000000000e+03 8.487000000000000000e+03
1.310700000000000000e+04 9.231000000000000000e+03 8.805000000000000000e+03 8.681000000000000000e+03 8.437000000000000000e+03
1.326900000000000000e+04 9.285000000000000000e+03 8.768000000000000000e+03 8.817000000000000000e+03 8.517000000000000000e+03
1.337400000000000000e+04 9.282000000000000000e+03 8.806000000000000000e+03 8.788000000000000000e+03 8.484000000000000000e+03
1.343500000000000000e+04 9.208000000000000000e+03 8.862000000000000000e+03 8.862000000000000000e+03 8.465000000000000000e+03
1.374200000000000000e+04 9.297000000000000000e+03 8.931000000000000000e+03 8.791000000000000000e+03 8.520000000000000000e+03
1.383000000000000000e+04 9.337000000000000000e+03 8.959000000000000000e+03 8.824000000000000000e+03 8.646000000000000000e+03
1.397200000000000000e+04 9.353000000000000000e+03 8.812000000000000000e+03 8.852000000000000000e+03 8.546000000000000000e+03
1.415800000000000000e+04 9.409000000000000000e+03 8.964000000000000000e+03 8.898000000000000000e+03 8.663000000000000000e+03
1.422900000000000000e+04 9.444000000000000000e+03 8.964000000000000000e+03 8.757000000000000000e+03 8.668000000000000000e+03
1.384000000000000000e+04 9.393000000000000000e+03 8.974000000000000000e+03 8.858000000000000000e+03 8.697000000000000000e+03
1.416100000000000000e+04 9.416000000000000000e+03 9.041000000000000000e+03 8.969000000000000000e+03 8.706000000000000000e+03
1.434100000000000000e+04 9.516000000000000000e+03 9.057000000000000000e+03 8.892000000000000000e+03 8.764000000000000000e+03
1.445300000000000000e+04 9.577000000000000000e+03 9.028000000000000000e+03 8.991000000000000000e+03 8.724000000000000000e+03
1.448300000000000000e+04 9.514000000000000000e+03 9.017000000000000000e+03 9.018000000000000000e+03 8.774000000000000000e+03
1.453600000000000000e+04 9.573000000000000000e+03 9.094000000000000000e+03 9.103000000000000000e+03 8.833000000000000000e+03
1.452300000000000000e+04 9.553000000000000000e+03 9.183000000000000000e+03 9.040000000000000000e+03 8.757000000000000000e+03
1.465200000000000000e+04 9.516000000000000000e+03 9.110000000000000000e+03 9.052000000000000000e+03 8.836000000000000000e+03
1.477500000000000000e+04 9.566000000000000000e+03 9.131000000000000000e+03 9.093000000000000000e+03 8.816000000000000000e+03
1.488800000000000000e+04 9.631000000000000000e+03 9.131000000000000000e+03 9.212000000000000000e+03 8.813000000000000000e+03
1.500900000000000000e+04 9.674000000000000000e+03 9.249000000000000000e+03 9.202000000000000000e+03 8.798000000000000000e+03
1.506700000000000000e+04 9.633000000000000000e+03 9.191000000000000000e+03 9.258000000000000000e+03 8.894000000000000000e+03
1.511700000000000000e+04 9.633000000000000000e+03 9.245000000000000000e+03 9.162000000000000000e+03 8.937000000000000000e+03
1.518200000000000000e+04 9.679000000000000000e+03 9.236000000000000000e+03 9.238000000000000000e+03 8.923000000000000000e+03
1.527500000000000000e+04 9.743000000000000000e+03 9.239000000000000000e+03 9.264000000000000000e+03 8.979000000000000000e+03
1.529900000000000000e+04 9.693000000000000000e+03 9.269000000000000000e+03 9.334000000000000000e+03 8.936000000000000000e+03
1.556300000000000000e+04 9.711000000000000000e+03 9.149000000000000000e+03 9.365000000000000000e+03 8.962000000000000000e+03
1.561700000000000000e+04 9.761000000000000000e+03 9.295000000000000000e+03 9.345000000000000000e+03 8.869000000000000000e+03
1.579700000000000000e+04 9.773000000000000000e+03 9.336000000000000000e+03 9.376000000000000000e+03 8.930000000000000000e+03
1.578300000000000000e+04 9.853000000000000000e+03 9.381000000000000000e+03 9.346000000000000000e+03 9.001000000000000000e+03
1.579100000000000000e+04 9.907000000000000000e+03 9.329000000000000000e+03 9.363000000000000000e+03 9.011000000000000000e+03
1.596500000000000000e+04 9.916000000000000000e+03 9.309000000000000000e+03 9.345000000000000000e+03 9.055000000000000000e+03
1.608900000000000000e+04 9.863000000000000000e+03 9.326000000000000000e+03 9.324000000000000000e+03 9.160000000000000000e+03
1.588400000000000000e+04 1.002100000000000000e+04 9.507000000000000000e+03 9.406000000000000000e+03 9.135000000000000000e+03
1.594100000000000000e+04 9.937000000000000000e+03 9.463000000000000000e+03 9.382000000000000000e+03 9.178000000000000000e+03
1.609300000000000000e+04 1.004900000000000000e+04 9.429000000000000000e+03 9.462000000000000000e+03 9.218000000000000000e+03
1.625200000000000000e+04 1.013200000000000000e+04 9.483000000000000000e+03 9.398000000000000000e+03 9.249000000000000000e+03
1.634600000000000000e+04 1.004700000000000000e+04 9.449000000000000000e+03 9.384000000000000000e+03 9.290000000000000000e+03
1.638400000000000000e+04 1.017600000000000000e+04 9.437000000000000000e+03 9.478000000000000000e+03 9.363000000000000000e+03
1.638900000000000000e+04 1.024500000000000000e+04 9.551000000000000000e+03 9.409000000000000000e+03 9.396000000000000000e+03
1.647300000000000000e+04 1.025400000000000000e+04 9.455000000000000000e+03 9.455000000000000000e+03 9.499000000000000000e+03
1.658800000000000000e+04 1.023700000000000000e+04 9.504000000000000000e+03 9.519000000000000000e+03 9.508000000000000000e+03
1.660100000000000000e+04 1.038200000000000000e+04 9.570000000000000000e+03 9.427000000000000000e+03 9.528000000000000000e+03
1.657700000000000000e+04 1.032600000000000000e+04 9.550000000000000000e+03 9.465000000000000000e+03 9.578000000000000000e+03
1.662100000000000000e+04 1.030000000000000000e+04 9.668000000000000000e+03 9.485000000000000000e+03 9.572000000000000000e+03
1.650100000000000000e+04 1.035000000000000000e+04 9.673000000000000000e+03 9.584000000000000000e+03 9.589000000000000000e+03
1.657100000000000000e+04 1.033200000000000000e+04 9.720000000000000000e+03 9.544000000000000000e+03 9.594000000000000000e+03
1.672700000000000000e+04 1.050100000000000000e+04 9.674000000000000000e+03 9.582000000000000000e+03 9.596000000000000000e+03
1.687500000000000000e+04 1.056200000000000000e+04 9.649000000000000000e+03 9.610000000000000000e+03 9.627000000000000000e+03
1.697600000000000000e+04 1.054100000000000000e+04 9.791000000000000000e+03 9.661000000000000000e+03 9.730000000000000000e+03
1.691200000000000000e+04 1.062300000000000000e+04 9.684000000000000000e+03 9.711000000000000000e+03 9.673000000000000000e+03
1.687100000000000000e+04 1.051500000000000000e+04 9.767000000000000000e+03 9.655000000000000000e+03 9.668000000000000000e+03
1.700700000000000000e+04 1.067800000000000000e+04 9.771000000000000000e+03 9.718000000000000000e+03 9.600000000000000000e+03
1.710800000000000000e+04 1.067500000000000000e+04 9.750000000000000000e+03 9.791000000000000000e+03 9.652000000000000000e+03
1.709100000000000000e+04 1.064400000000000000e+04 9.905000000000000000e+03 9.767000000000000000e+03 9.635000000000000000e+03
1.708700000000000000e+04 1.077700000000000000e+04 9.912000000000000000e+03 9.717000000000000000e+03 9.645000000000000000e+03
1.715200000000000000e+04 1.084300000000000000e+04 9.889000000000000000e+03 9.824000000000000000e+03 9.721000000000000000e+03
1.711600000000000000e+04 1.087000000000000000e+04 9.919000000000000000e+03 9.877000000000000000e+03 9.737000000000000000e+03
1.724800000000000000e+04 1.090300000000000000e+04 9.978000000000000000e+03 9.909000000000000000e+03 9.752000000000000000e+03
1.721400000000000000e+04 1.100800000000000000e+04 9.972000000000000000e+03 9.832000000000000000e+03 9.817000000000000000e+03
1.726100000000000000e+04 1.099900000000000000e+04 9.973000000000000000e+03 9.822000000000000000e+03 9.764000000000000000e+03
1.724800000000000000e+04 1.101700000000000000e+04 1.013200000000000000e+04 9.944000000000000000e+03 9.788000000000000000e+03
1.728600000000000000e+04 1.109500000000000000e+04 1.000700000000000000e+04 9.912000000000000000e+03 9.822000000000000000e+03
1.734900000000000000e+04 1.099600000000000000e+04 9.964000000000000000e+03 9.969000000000000000e+03 9.841000000000000000e+03
1.740400000000000000e+04 1.124400000000000000e+04 1.021800000000000000e+04 9.971000000000000000e+03 9.896000000000000000e+03
1.743800000000000000e+04 1.119000000000000000e+04 1.018000000000000000e+04 1.001300000000000000e+04 9.834000000000000000e+03
1.743800000000000000e+04 1.125500000000000000e+04 1.021700000000000000e+04 9.986000000000000000e+03 9.900000000000000000e+03
1.744500000000000000e+04 1.126800000000000000e+04 1.024200000000000000e+04 9.997000000000000000e+03 9.881000000000000000e+03
1.745100000000000000e+04 1.132700000000000000e+04 1.021700000000000000e+04 1.007500000000000000e+04 9.890000000000000000e+03
1.737500000000000000e+04 1.143300000000000000e+04 1.030800000000000000e+04 1.012300000000000000e+04 9.979000000000000000e+03
1.750000000000000000e+04 1.139500000000000000e+04 1.036400000000000000e+04 1.019700000000000000e+04 9.990000000000000000e+03
1.745000000000000000e+04 1.144400000000000000e+04 1.034700000000000000e+04 1.018500000000000000e+04 9.945000000000000000e+03
1.748000000000000000e+04 1.138400000000000000e+04 1.038500000000000000e+04 1.021300000000000000e+04 9.986000000000000000e+03
1.739700000000000000e+04 1.155300000000000000e+04 1.045300000000000000e+04 1.019600000000000000e+04 9.949000000000000000e+03
1.759200000000000000e+04 1.163500000000000000e+04 1.050100000000000000e+04 1.021100000000000000e+04 9.972000000000000000e+03
1.767500000000000000e+04 1.173500000000000000e+04 1.042900000000000000e+04 1.026200000000000000e+04 1.003000000000000000e+04
1.768700000000000000e+04 1.166600000000000000e+04 1.041200000000000000e+04 1.019400000000000000e+04 1.007200000000000000e+04
1.757900000000000000e+04 1.180600000000000000e+04 1.056600000000000000e+04 1.031700000000000000e+04 1.004500000000000000e+04
1.771700000000000000e+04 1.183000000000000000e+04 1.059700000000000000e+04 1.030700000000000000e+04 1.005100000000000000e+04
1.772300000000000000e+04 1.177900000000000000e+04 1.061700000000000000e+04 1.033400000000000000e+04 1.010700000000000000e+04
1.771800000000000000e+04 1.186900000000000000e+04 1.062500000000000000e+04 1.041200000000000000e+04 1.012600000000000000e+04
1.772300000000000000e+04 1.196500000000000000e+04 1.069100000000000000e+04 1.042400000000000000e+04 1.022600000000000000e+04
1.781900000000000000e+04 1.203100000000000000e+04 1.069300000000000000e+04 1.044100000000000000e+04 1.022900000000000000e+04
1.752500000000000000e+04 1.201300000000000000e+04 1.073400000000000000e+04 1.049200000000000000e+04 1.031400000000000000e+04
1.743500000000000000e+04 1.210300000000000000e+04 1.072900000000000000e+04 1.052400000000000000e+04 1.033400000000000000e+04
1.778600000000000000e+04 1.216900000000000000e+04 1.073800000000000000e+04 1.061900000000000000e+04 1.036200000000000000e+04
1.787600000000000000e+04 1.218900000000000000e+04 1.079500000000000000e+04 1.071500000000000000e+04 1.041000000000000000e+04
1.775200000000000000e+04 1.218900000000000000e+04 1.085800000000000000e+04 1.068600000000000000e+04 1.043200000000000000e+04
1.780600000000000000e+04 1.222000000000000000e+04 1.088800000000000000e+04 1.068400000000000000e+04 1.037200000000000000e+04
1.780100000000000000e+04 1.237300000000000000e+04 1.088900000000000000e+04 1.071000000000000000e+04 1.041800000000000000e+04
1.779000000000000000e+04 1.237700000000000000e+04 1.103200000000000000e+04 1.071800000000000000e+04 1.044700000000000000e+04
1.773300000000000000e+04 1.247500000000000000e+04 1.104000000000000000e+04 1.073400000000000000e+04 1.048000000000000000e+04
1.777600000000000000e+04 1.249400000000000000e+04 1.114400000000000000e+04 1.081200000000000000e+04 1.041300000000000000e+04
1.770500000000000000e+04 1.259100000000000000e+04 1.117100000000000000e+04 1.086400000000000000e+04 1.049300000000000000e+04
1.783500000000000000e+04 1.262200000000000000e+04 1.110600000000000000e+04 1.090900000000000000e+04 1.050600000000000000e+04
1.787300000000000000e+04 1.267900000000000000e+04 1.125600000000000000e+04 1.092700000000000000e+04 1.055800000000000000e+04
1.798600000000000000e+04 1.273500000000000000e+04 1.125700000000000000e+04 1.100600000000000000e+04 1.056400000000000000e+04
1.797500000000000000e+04 1.267600000000000000e+04 1.126000000000000000e+04 1.104400000000000000e+04 1.065900000000000000e+04
1.806900000000000000e+04 1.284200000000000000e+04 1.131400000000000000e+04 1.101400000000000000e+04 1.061300000000000000e+04
1.784200000000000000e+04 1.281300000000000000e+04 1.140000000000000000e+04 1.107000000000000000e+04 1.065600000000000000e+04
1.789600000000000000e+04 1.284700000000000000e+04 1.139400000000000000e+04 1.113500000000000000e+04 1.072200000000000000e+04
1.801200000000000000e+04 1.286000000000000000e+04 1.149500000000000000e+04 1.116500000000000000e+04 1.075300000000000000e+04
1.803100000000000000e+04 1.298300000000000000e+04 1.156000000000000000e+04 1.114300000000000000e+04 1.080500000000000000e+04
1.809600000000000000e+04 1.296100000000000000e+04 1.152600000000000000e+04 1.118400000000000000e+04 1.082700000000000000e+04
1.813200000000000000e+04 1.306700000000000000e+04 1.159400000000000000e+04 1.121900000000000000e+04 1.080000000000000000e+04
1.801300000000000000e+04 1.310900000000000000e+04 1.157600000000000000e+04 1.128100000000000000e+04 1.089900000000000000e+04
1.798600000000000000e+04 1.304700000000000000e+04 1.164200000000000000e+04 1.125700000000000000e+04 1.088700000000000000e+04
1.803500000000000000e+04 1.311400000000000000e+04 1.166100000000000000e+04 1.135300000000000000e+04 1.087300000000000000e+04
1.806600000000000000e+04 1.326200000000000000e+04 1.174600000000000000e+04 1.136800000000000000e+04 1.085600000000000000e+04
1.798200000000000000e+04 1.329500000000000000e+04 1.183400000000000000e+04 1.142400000000000000e+04 1.087200000000000000e+04
1.808800000000000000e+04 1.337400000000000000e+04 1.191000000000000000e+04 1.141200000000000000e+04 1.094500000000000000e+04
1.795100000000000000e+04 1.342600000000000000e+04 1.192500000000000000e+04 1.154600000000000000e+04 1.098500000000000000e+04
1.791800000000000000e+04 1.346100000000000000e+04 1.196500000000000000e+04 1.158600000000000000e+04 1.105300000000000000e+04
1.801800000000000000e+04 1.344300000000000000e+04 1.199400000000000000e+04 1.159100000000000000e+04 1.104300000000000000e+04
1.808800000000000000e+04 1.346600000000000000e+04 1.203200000000000000e+04 1.165800000000000000e+04 1.108700000000000000e+04
1.812800000000000000e+04 1.352200000000000000e+04 1.204500000000000000e+04 1.167800000000000000e+04 1.113700000000000000e+04
1.815300000000000000e+04 1.355800000000000000e+04 1.215600000000000000e+04 1.166900000000000000e+04 1.114100000000000000e+04
1.814200000000000000e+04 1.363900000000000000e+04 1.221800000000000000e+04 1.174000000000000000e+04 1.114200000000000000e+04
1.813900000000000000e+04 1.371600000000000000e+04 1.217900000000000000e+04 1.186200000000000000e+04 1.125900000000000000e+04
1.820000000000000000e+04 1.370200000000000000e+04 1.233500000000000000e+04 1.185100000000000000e+04 1.124800000000000000e+04
1.814500000000000000e+04 1.374400000000000000e+04 1.232500000000000000e+04 1.187700000000000000e+04 1.128700000000000000e+04
1.816900000000000000e+04 1.382500000000000000e+04 1.231700000000000000e+04 1.196400000000000000e+04 1.134000000000000000e+04
1.794700000000000000e+04 1.379700000000000000e+04 1.246100000000000000e+04 1.193900000000000000e+04 1.139100000000000000e+04
1.816200000000000000e+04 1.386200000000000000e+04 1.244600000000000000e+04 1.200500000000000000e+04 1.141300000000000000e+04
1.796100000000000000e+04 1.393700000000000000e+04 1.243400000000000000e+04 1.201000000000000000e+04 1.144700000000000000e+04
1.807900000000000000e+04 1.395600000000000000e+04 1.253300000000000000e+04 1.207500000000000000e+04 1.144600000000000000e+04
1.823900000000000000e+04 1.396100000000000000e+04 1.270500000000000000e+04 1.205600000000000000e+04 1.149800000000000000e+04
1.822000000000000000e+04 1.403900000000000000e+04 1.272200000000000000e+04 1.213900000000000000e+04 1.158400000000000000e+04
1.824800000000000000e+04 1.411300000000000000e+04 1.271900000000000000e+04 1.218800000000000000e+04 1.158900000000000000e+04
1.820800000000000000e+04 1.413600000000000000e+04 1.285100000000000000e+04 1.227600000000000000e+04 1.167900000000000000e+04
1.816700000000000000e+04 1.414900000000000000e+04 1.283300000000000000e+04 1.234200000000000000e+04 1.176000000000000000e+04
1.822800000000000000e+04 1.413600000000000000e+04 1.286400000000000000e+04 1.233600000000000000e+04 1.178000000000000000e+04
1.833200000000000000e+04 1.427700000000000000e+04 1.292600000000000000e+04 1.237500000000000000e+04 1.178200000000000000e+04
1.823800000000000000e+04 1.427000000000000000e+04 1.294100000000000000e+04 1.247500000000000000e+04 1.177800000000000000e+04
1.812600000000000000e+04 1.427500000000000000e+04 1.304400000000000000e+04 1.249100000000000000e+04 1.178600000000000000e+04
1.807000000000000000e+04 1.428000000000000000e+04 1.309000000000000000e+04 1.252800000000000000e+04 1.179700000000000000e+04
1.807500000000000000e+04 1.439400000000000000e+04 1.301300000000000000e+04 1.260200000000000000e+04 1.183600000000000000e+04
1.819900000000000000e+04 1.441800000000000000e+04 1.315400000000000000e+04 1.256200000000000000e+04 1.191200000000000000e+04
1.805500000000000000e+04 1.436500000000000000e+04 1.322000000000000000e+04 1.265000000000000000e+04 1.196400000000000000e+04
1.818900000000000000e+04 1.443400000000000000e+04 1.319300000000000000e+04 1.271500000000000000e+04 1.202800000000000000e+04
1.812100000000000000e+04 1.447100000000000000e+04 1.319400000000000000e+04 1.277100000000000000e+04 1.212900000000000000e+04
1.824900000000000000e+04 1.455700000000000000e+04 1.331500000000000000e+04 1.281100000000000000e+04 1.214000000000000000e+04
1.831500000000000000e+04 1.451000000000000000e+04 1.334400000000000000e+04 1.292000000000000000e+04 1.215500000000000000e+04
1.830200000000000000e+04 1.461000000000000000e+04 1.333600000000000000e+04 1.290500000000000000e+04 1.221400000000000000e+04
1.828700000000000000e+04 1.467300000000000000e+04 1.343900000000000000e+04 1.301200000000000000e+04 1.224100000000000000e+04
1.837100000000000000e+04 1.468100000000000000e+04 1.345900000000000000e+04 1.303300000000000000e+04 1.227500000000000000e+04
1.831800000000000000e+04 1.470000000000000000e+04 1.348800000000000000e+04 1.306900000000000000e+04 1.233700000000000000e+04
1.809500000000000000e+04 1.473900000000000000e+04 1.362700000000000000e+04 1.312600000000000000e+04 1.239100000000000000e+04
1.820300000000000000e+04 1.480200000000000000e+04 1.365200000000000000e+04 1.312800000000000000e+04 1.249000000000000000e+04
1.822000000000000000e+04 1.485600000000000000e+04 1.368000000000000000e+04 1.322300000000000000e+04 1.251600000000000000e+04
1.812400000000000000e+04 1.483900000000000000e+04 1.364500000000000000e+04 1.325700000000000000e+04 1.252500000000000000e+04
1.841100000000000000e+04 1.491600000000000000e+04 1.371600000000000000e+04 1.331400000000000000e+04 1.261100000000000000e+04
1.843700000000000000e+04 1.487900000000000000e+04 1.373600000000000000e+04 1.333500000000000000e+04 1.269900000000000000e+04
1.832900000000000000e+04 1.490200000000000000e+04 1.378600000000000000e+04 1.338900000000000000e+04 1.266400000000000000e+04
1.834100000000000000e+04 1.491200000000000000e+04 1.380100000000000000e+04 1.342500000000000000e+04 1.276700000000000000e+04
1.838300000000000000e+04 1.493200000000000000e+04 1.385000000000000000e+04 1.342100000000000000e+04 1.288900000000000000e+04
1.828300000000000000e+04 1.500100000000000000e+04 1.383400000000000000e+04 1.358000000000000000e+04 1.289900000000000000e+04
1.831700000000000000e+04 1.503800000000000000e+04 1.388300000000000000e+04 1.362000000000000000e+04 1.297700000000000000e+04
1.845400000000000000e+04 1.506700000000000000e+04 1.396800000000000000e+04 1.368300000000000000e+04 1.303600000000000000e+04
1.839000000000000000e+04 1.509900000000000000e+04 1.400000000000000000e+04 1.366600000000000000e+04 1.303300000000000000e+04
1.846200000000000000e+04 1.509600000000000000e+04 1.405500000000000000e+04 1.379700000000000000e+04 1.312400000000000000e+04
1.846000000000000000e+04 1.509200000000000000e+04 1.403800000000000000e+04 1.374100000000000000e+04 1.311100000000000000e+04
1.843300000000000000e+04 1.513600000000000000e+04 1.415000000000000000e+04 1.377600000000000000e+04 1.316800000000000000e+04
1.835400000000000000e+04 1.510800000000000000e+04 1.417600000000000000e+04 1.386300000000000000e+04 1.320200000000000000e+04
1.830300000000000000e+04 1.512300000000000000e+04 1.416200000000000000e+04 1.394800000000000000e+04 1.326000000000000000e+04
1.831600000000000000e+04 1.520000000000000000e+04 1.422400000000000000e+04 1.395500000000000000e+04 1.328600000000000000e+04
1.842300000000000000e+04 1.520300000000000000e+04 1.424100000000000000e+04 1.402700000000000000e+04 1.335900000000000000e+04
1.825100000000000000e+04 1.521000000000000000e+04 1.430300000000000000e+04 1.388400000000000000e+04 1.333800000000000000e+04
1.839400000000000000e+04 1.534000000000000000e+04 1.430100000000000000e+04 1.398800000000000000e+04 1.341500000000000000e+04
1.846100000000000000e+04 1.526200000000000000e+04 1.433600000000000000e+04 1.404700000000000000e+04 1.354000000000000000e+04
1.850000000000000000e+04 1.528000000000000000e+04 1.434900000000000000e+04 1.408800000000000000e+04 1.357300000000000000e+04
1.851200000000000000e+04 1.532400000000000000e+04 1.436600000000000000e+04 1.416600000000000000e+04 1.363200000000000000e+04
1.832900000000000000e+04 1.533200000000000000e+04 1.441300000000000000e+04 1.415900000000000000e+04 1.362300000000000000e+04
1.839400000000000000e+04 1.531600000000000000e+04 1.438000000000000000e+04 1.421200000000000000e+04 1.368100000000000000e+04
1.832400000000000000e+04 1.533500000000000000e+04 1.446400000000000000e+04 1.416500000000000000e+04 1.369500000000000000e+04
1.849700000000000000e+04 1.537100000000000000e+04 1.449700000000000000e+04 1.419800000000000000e+04 1.375600000000000000e+04
1.837100000000000000e+04 1.544300000000000000e+04 1.451800000000000000e+04 1.427300000000000000e+04 1.377900000000000000e+04
1.843100000000000000e+04 1.536800000000000000e+04 1.455600000000000000e+04 1.426100000000000000e+04 1.379200000000000000e+04
1.844800000000000000e+04 1.538500000000000000e+04 1.457400000000000000e+04 1.428900000000000000e+04 1.381100000000000000e+04
1.848100000000000000e+04 1.544000000000000000e+04 1.460100000000000000e+04 1.436600000000000000e+04 1.383500000000000000e+04
1.837000000000000000e+04 1.546900000000000000e+04 1.462200000000000000e+04 1.439100000000000000e+04 1.387400000000000000e+04
1.848400000000000000e+04 1.544300000000000000e+04 1.462300000000000000e+04 1.445700000000000000e+04 1.396800000000000000e+04
1.852800000000000000e+04 1.547300000000000000e+04 1.467500000000000000e+04 1.445300000000000000e+04 1.393500000000000000e+04
1.848000000000000000e+04 1.552200000000000000e+04 1.471700000000000000e+04 1.448300000000000000e+04 1.403600000000000000e+04
1.850100000000000000e+04 1.549900000000000000e+04 1.476200000000000000e+04 1.448300000000000000e+04 1.406200000000000000e+04
1.847800000000000000e+04 1.552200000000000000e+04 1.480400000000000000e+04 1.449600000000000000e+04 1.405200000000000000e+04
1.852200000000000000e+04 1.547000000000000000e+04 1.477200000000000000e+04 1.456600000000000000e+04 1.409900000000000000e+04
1.853200000000000000e+04 1.553900000000000000e+04 1.481800000000000000e+04 1.455200000000000000e+04 1.413600000000000000e+04
1.851900000000000000e+04 1.550500000000000000e+04 1.478300000000000000e+04 1.459900000000000000e+04 1.419500000000000000e+04
1.855500000000000000e+04 1.551800000000000000e+04 1.477600000000000000e+04 1.466800000000000000e+04 1.421400000000000000e+04
1.856500000000000000e+04 1.557200000000000000e+04 1.485400000000000000e+04 1.468100000000000000e+04 1.422800000000000000e+04
1.849700000000000000e+04 1.553600000000000000e+04 1.483000000000000000e+04 1.472700000000000000e+04 1.426800000000000000e+04
1.852500000000000000e+04 1.555600000000000000e+04 1.486600000000000000e+04 1.471100000000000000e+04 1.430400000000000000e+04
1.855700000000000000e+04 1.560400000000000000e+04 1.495000000000000000e+04 1.472600000000000000e+04 1.434200000000000000e+04
1.856200000000000000e+04 1.558200000000000000e+04 1.493200000000000000e+04 1.472800000000000000e+04 1.439400000000000000e+04
1.855700000000000000e+04 1.563100000000000000e+04 1.499700000000000000e+04 1.475100000000000000e+04 1.438700000000000000e+04
1.836300000000000000e+04 1.563700000000000000e+04 1.502000000000000000e+04 1.479200000000000000e+04 1.442000000000000000e+04
1.838800000000000000e+04 1.556000000000000000e+04 1.505000000000000000e+04 1.478400000000000000e+04 1.447300000000000000e+04
1.856400000000000000e+04 1.556400000000000000e+04 1.501900000000000000e+04 1.481000000000000000e+04 1.448000000000000000e+04
1.858800000000000000e+04 1.564700000000000000e+04 1.507100000000000000e+04 1.489700000000000000e+04 1.448300000000000000e+04
1.857800000000000000e+04 1.566000000000000000e+04 1.510400000000000000e+04 1.491900000000000000e+04 1.447500000000000000e+04
1.858500000000000000e+04 1.564200000000000000e+04 1.512500000000000000e+04 1.492300000000000000e+04 1.451800000000000000e+04
1.858800000000000000e+04 1.563100000000000000e+04 1.517300000000000000e+04 1.488800000000000000e+04 1.454600000000000000e+04
1.863500000000000000e+04 1.568100000000000000e+04 1.522500000000000000e+04 1.490900000000000000e+04 1.457500000000000000e+04
1.862100000000000000e+04 1.567000000000000000e+04 1.523500000000000000e+04 1.495400000000000000e+04 1.458100000000000000e+04
1.857100000000000000e+04 1.564900000000000000e+04 1.528600000000000000e+04 1.500000000000000000e+04 1.458700000000000000e+04
1.848500000000000000e+04 1.563800000000000000e+04 1.523800000000000000e+04 1.497200000000000000e+04 1.462500000000000000e+04
1.845900000000000000e+04 1.570900000000000000e+04 1.528900000000000000e+04 1.503400000000000000e+04 1.466600000000000000e+04
1.836000000000000000e+04 1.571900000000000000e+04 1.533500000000000000e+04 1.501900000000000000e+04 1.469700000000000000e+04
1.846800000000000000e+04 1.565100000000000000e+04 1.544600000000000000e+04 1.508400000000000000e+04 1.473900000000000000e+04
1.858600000000000000e+04 1.573900000000000000e+04 1.542300000000000000e+04 1.509200000000000000e+04 1.471900000000000000e+04
1.837300000000000000e+04 1.574100000000000000e+04 1.540100000000000000e+04 1.510100000000000000e+04 1.471100000000000000e+04
1.850900000000000000e+04 1.571400000000000000e+04 1.539300000000000000e+04 1.508500000000000000e+04 1.476800000000000000e+04
1.857400000000000000e+04 1.573500000000000000e+04 1.543200000000000000e+04 1.512500000000000000e+04 1.480100000000000000e+04
1.854700000000000000e+04 1.574300000000000000e+04 1.541900000000000000e+04 1.509200000000000000e+04 1.484100000000000000e+04
1.844800000000000000e+04 1.571200000000000000e+04 1.542800000000000000e+04 1.512400000000000000e+04 1.485800000000000000e+04
1.839200000000000000e+04 1.575500000000000000e+04 1.546600000000000000e+04 1.517800000000000000e+04 1.488100000000000000e+04
1.856300000000000000e+04 1.578300000000000000e+04 1.544600000000000000e+04 1.522500000000000000e+04 1.496400000000000000e+04
1.830100000000000000e+04 1.576000000000000000e+04 1.548200000000000000e+04 1.524800000000000000e+04 1.496500000000000000e+04
1.846100000000000000e+04 1.576600000000000000e+04 1.554400000000000000e+04 1.528200000000000000e+04 1.495100000000000000e+04
1.850400000000000000e+04 1.578900000000000000e+04 1.555100000000000000e+04 1.530000000000000000e+04 1.497500000000000000e+04
1.851800000000000000e+04 1.578400000000000000e+04 1.553400000000000000e+04 1.529500000000000000e+04 1.496900000000000000e+04
1.865200000000000000e+04 1.570500000000000000e+04 1.561100000000000000e+04 1.536400000000000000e+04 1.501500000000000000e+04
1.861100000000000000e+04 1.576800000000000000e+04 1.553600000000000000e+04 1.542200000000000000e+04 1.499300000000000000e+04
1.865500000000000000e+04 1.581500000000000000e+04 1.558300000000000000e+04 1.543500000000000000e+04 1.509400000000000000e+04
1.851600000000000000e+04 1.578400000000000000e+04 1.562500000000000000e+04 1.541600000000000000e+04 1.516700000000000000e+04
1.856700000000000000e+04 1.581800000000000000e+04 1.572700000000000000e+04 1.543400000000000000e+04 1.518700000000000000e+04
1.855200000000000000e+04 1.577600000000000000e+04 1.566600000000000000e+04 1.547400000000000000e+04 1.516700000000000000e+04
1.853200000000000000e+04 1.582000000000000000e+04 1.573500000000000000e+04 1.550600000000000000e+04 1.517400000000000000e+04
1.858500000000000000e+04 1.583000000000000000e+04 1.567600000000000000e+04 1.545900000000000000e+04 1.521200000000000000e+04
1.849600000000000000e+04 1.578700000000000000e+04 1.570600000000000000e+04 1.554300000000000000e+04 1.525900000000000000e+04
1.849200000000000000e+04 1.587400000000000000e+04 1.571200000000000000e+04 1.554400000000000000e+04 1.525700000000000000e+04
1.868000000000000000e+04 1.577200000000000000e+04 1.573900000000000000e+04 1.556000000000000000e+04 1.528100000000000000e+04
1.865100000000000000e+04 1.581500000000000000e+04 1.574700000000000000e+04 1.556200000000000000e+04 1.530000000000000000e+04
1.859000000000000000e+04 1.578600000000000000e+04 1.574600000000000000e+04 1.557900000000000000e+04 1.534000000000000000e+04
1.860600000000000000e+04 1.581800000000000000e+04 1.572400000000000000e+04 1.557600000000000000e+04 1.536100000000000000e+04
1.858700000000000000e+04 1.583400000000000000e+04 1.577100000000000000e+04 1.559000000000000000e+04 1.533800000000000000e+04
1.862600000000000000e+04 1.585400000000000000e+04 1.570100000000000000e+04 1.552300000000000000e+04 1.536500000000000000e+04
1.860200000000000000e+04 1.581700000000000000e+04 1.572900000000000000e+04 1.557900000000000000e+04 1.541500000000000000e+04
1.849100000000000000e+04 1.584900000000000000e+04 1.578700000000000000e+04 1.555200000000000000e+04 1.545300000000000000e+04
1.858000000000000000e+04 1.586400000000000000e+04 1.578400000000000000e+04 1.563200000000000000e+04 1.543500000000000000e+04
1.869300000000000000e+04 1.588000000000000000e+04 1.580900000000000000e+04 1.558900000000000000e+04 1.542900000000000000e+04
1.861400000000000000e+04 1.583300000000000000e+04 1.577200000000000000e+04 1.564800000000000000e+04 1.547000000000000000e+04
1.857900000000000000e+04 1.583500000000000000e+04 1.581300000000000000e+04 1.555800000000000000e+04 1.550800000000000000e+04
1.865200000000000000e+04 1.583700000000000000e+04 1.579900000000000000e+04 1.559300000000000000e+04 1.546500000000000000e+04
1.846100000000000000e+04 1.591600000000000000e+04 1.583700000000000000e+04 1.564300000000000000e+04 1.547300000000000000e+04
1.861900000000000000e+04 1.595000000000000000e+04 1.580500000000000000e+04 1.565400000000000000e+04 1.550900000000000000e+04
1.869900000000000000e+04 1.591400000000000000e+04 1.579900000000000000e+04 1.566600000000000000e+04 1.556200000000000000e+04
1.867400000000000000e+04 1.590200000000000000e+04 1.571400000000000000e+04 1.567700000000000000e+04 1.558200000000000000e+04
1.869500000000000000e+04 1.593300000000000000e+04 1.577100000000000000e+04 1.569000000000000000e+04 1.562100000000000000e+04
1.865200000000000000e+04 1.596100000000000000e+04 1.579800000000000000e+04 1.571400000000000000e+04 1.563300000000000000e+04
1.860600000000000000e+04 1.596700000000000000e+04 1.581600000000000000e+04 1.574400000000000000e+04 1.562400000000000000e+04
1.864400000000000000e+04 1.595000000000000000e+04 1.576800000000000000e+04 1.576200000000000000e+04 1.560600000000000000e+04
1.877500000000000000e+04 1.597300000000000000e+04 1.582900000000000000e+04 1.577400000000000000e+04 1.564900000000000000e+04
1.874100000000000000e+04 1.600900000000000000e+04 1.579600000000000000e+04 1.584400000000000000e+04 1.559500000000000000e+04
1.865400000000000000e+04 1.600900000000000000e+04 1.588700000000000000e+04 1.583700000000000000e+04 1.559100000000000000e+04
1.870200000000000000e+04 1.601800000000000000e+04 1.591500000000000000e+04 1.581900000000000000e+04 1.559700000000000000e+04
1.871000000000000000e+04 1.600000000000000000e+04 1.589400000000000000e+04 1.568700000000000000e+04 1.562900000000000000e+04
1.867200000000000000e+04 1.599600000000000000e+04 1.586200000000000000e+04 1.572400000000000000e+04 1.557600000000000000e+04
1.871500000000000000e+04 1.602800000000000000e+04 1.586800000000000000e+04 1.581400000000000000e+04 1.565200000000000000e+04
1.872300000000000000e+04 1.604400000000000000e+04 1.592200000000000000e+04 1.577900000000000000e+04 1.565200000000000000e+04
1.871100000000000000e+04 1.603200000000000000e+04 1.591300000000000000e+04 1.579300000000000000e+04 1.566900000000000000e+04
1.860500000000000000e+04 1.605800000000000000e+04 1.587900000000000000e+04 1.582600000000000000e+04 1.568800000000000000e+04
1.850100000000000000e+04 1.603600000000000000e+04 1.587000000000000000e+04 1.580100000000000000e+04 1.563600000000000000e+04
1.863000000000000000e+04 1.605200000000000000e+04 1.592400000000000000e+04 1.580800000000000000e+04 1.565100000000000000e+04
1.867200000000000000e+04 1.608200000000000000e+04 1.584300000000000000e+04 1.581400000000000000e+04 1.565700000000000000e+04
1.867200000000000000e+04 1.611300000000000000e+04 1.584300000000000000e+04 1.583400000000000000e+04 1.570500000000000000e+04
1.872800000000000000e+04 1.610700000000000000e+04 1.596600000000000000e+04 1.581500000000000000e+04 1.569200000000000000e+04
1.873300000000000000e+04 1.613000000000000000e+04 1.592900000000000000e+04 1.584000000000000000e+04 1.574200000000000000e+04
1.876900000000000000e+04 1.612200000000000000e+04 1.584100000000000000e+04 1.584100000000000000e+04 1.572000000000000000e+04
1.869400000000000000e+04 1.611500000000000000e+04 1.583100000000000000e+04 1.590300000000000000e+04 1.573500000000000000e+04
1.849700000000000000e+04 1.618100000000000000e+04 1.594700000000000000e+04 1.583800000000000000e+04 1.573600000000000000e+04
1.850700000000000000e+04 1.611800000000000000e+04 1.598300000000000000e+04 1.589000000000000000e+04 1.571600000000000000e+04
1.872000000000000000e+04 1.618200000000000000e+04 1.593200000000000000e+04 1.584600000000000000e+04 1.569700000000000000e+04
1.869600000000000000e+04 1.618200000000000000e+04 1.594100000000000000e+04 1.586800000000000000e+04 1.574700000000000000e+04
1.857700000000000000e+04 1.622200000000000000e+04 1.591800000000000000e+04 1.586600000000000000e+04 1.577400000000000000e+04
1.853500000000000000e+04 1.619200000000000000e+04 1.602400000000000000e+04 1.583500000000000000e+04 1.576700000000000000e+04
1.863200000000000000e+04 1.618100000000000000e+04 1.600000000000000000e+04 1.586900000000000000e+04 1.577500000000000000e+04
1.849200000000000000e+04 1.617500000000000000e+04 1.596200000000000000e+04 1.588600000000000000e+04 1.576000000000000000e+04
1.858500000000000000e+04 1.617900000000000000e+04 1.601100000000000000e+04 1.588900000000000000e+04 1.578900000000000000e+04
1.873900000000000000e+04 1.629500000000000000e+04 1.597100000000000000e+04 1.585500000000000000e+04 1.582400000000000000e+04
1.878700000000000000e+04 1.622000000000000000e+04 1.600800000000000000e+04 1.588100000000000000e+04 1.580500000000000000e+04
1.870900000000000000e+04 1.626700000000000000e+04 1.599100000000000000e+04 1.589000000000000000e+04 1.582000000000000000e+04
1.873200000000000000e+04 1.621700000000000000e+04 1.600100000000000000e+04 1.588900000000000000e+04 1.586400000000000000e+04
1.871800000000000000e+04 1.627600000000000000e+04 1.600400000000000000e+04 1.585200000000000000e+04 1.582300000000000000e+04
1.874500000000000000e+04 1.633700000000000000e+04 1.604300000000000000e+04 1.589100000000000000e+04 1.582500000000000000e+04
1.869800000000000000e+04 1.631100000000000000e+04 1.603600000000000000e+04 1.582900000000000000e+04 1.586700000000000000e+04
1.869100000000000000e+04 1.626500000000000000e+04 1.600000000000000000e+04 1.587400000000000000e+04 1.583600000000000000e+04
1.871500000000000000e+04 1.632100000000000000e+04 1.598900000000000000e+04 1.585300000000000000e+04 1.583800000000000000e+04
1.874000000000000000e+04 1.633300000000000000e+04 1.600400000000000000e+04 1.585100000000000000e+04 1.586300000000000000e+04
1.869800000000000000e+04 1.633200000000000000e+04 1.597200000000000000e+04 1.593000000000000000e+04 1.586000000000000000e+04
1.866300000000000000e+04 1.632400000000000000e+04 1.603400000000000000e+04 1.589300000000000000e+04 1.590600000000000000e+04
1.864300000000000000e+04 1.639200000000000000e+04 1.605100000000000000e+04 1.589200000000000000e+04 1.590200000000000000e+04
1.873000000000000000e+04 1.630600000000000000e+04 1.600300000000000000e+04 1.588500000000000000e+04 1.586100000000000000e+04
1.871600000000000000e+04 1.639800000000000000e+04 1.598000000000000000e+04 1.595400000000000000e+04 1.585400000000000000e+04
1.862900000000000000e+04 1.639400000000000000e+04 1.598600000000000000e+04 1.592300000000000000e+04 1.587600000000000000e+04
1.872900000000000000e+04 1.640900000000000000e+04 1.606200000000000000e+04 1.589200000000000000e+04 1.585200000000000000e+04
1.877800000000000000e+04 1.643700000000000000e+04 1.611500000000000000e+04 1.597400000000000000e+04 1.583800000000000000e+04
1.876600000000000000e+04 1.646600000000000000e+04 1.611200000000000000e+04 1.594900000000000000e+04 1.585300000000000000e+04
1.872200000000000000e+04 1.646400000000000000e+04 1.608900000000000000e+04 1.595900000000000000e+04 1.583600000000000000e+04
1.867200000000000000e+04 1.646700000000000000e+04 1.612600000000000000e+04 1.593200000000000000e+04 1.586800000000000000e+04
1.843600000000000000e+04 1.646400000000000000e+04 1.612300000000000000e+04 1.596800000000000000e+04 1.583700000000000000e+04
1.858500000000000000e+04 1.651200000000000000e+04 1.608000000000000000e+04 1.590000000000000000e+04 1.586300000000000000e+04
1.855600000000000000e+04 1.655200000000000000e+04 1.611600000000000000e+04 1.590000000000000000e+04 1.589300000000000000e+04
1.871500000000000000e+04 1.648200000000000000e+04 1.611400000000000000e+04 1.597500000000000000e+04 1.589600000000000000e+04
1.874800000000000000e+04 1.646300000000000000e+04 1.609800000000000000e+04 1.598900000000000000e+04 1.584100000000000000e+04
1.847500000000000000e+04 1.652300000000000000e+04 1.616400000000000000e+04 1.602200000000000000e+04 1.584500000000000000e+04
1.855200000000000000e+04 1.652500000000000000e+04 1.618600000000000000e+04 1.603600000000000000e+04 1.584300000000000000e+04
1.866000000000000000e+04 1.649200000000000000e+04 1.612200000000000000e+04 1.602500000000000000e+04 1.584800000000000000e+04
1.868700000000000000e+04 1.654100000000000000e+04 1.612700000000000000e+04 1.602200000000000000e+04 1.587400000000000000e+04
1.877500000000000000e+04 1.651600000000000000e+04 1.614700000000000000e+04 1.606200000000000000e+04 1.585200000000000000e+04
1.872500000000000000e+04 1.662700000000000000e+04 1.618300000000000000e+04 1.607900000000000000e+04 1.587100000000000000e+04
1.847200000000000000e+04 1.661500000000000000e+04 1.615500000000000000e+04 1.605700000000000000e+04 1.587900000000000000e+04
1.846500000000000000e+04 1.660200000000000000e+04 1.617900000000000000e+04 1.608400000000000000e+04 1.585900000000000000e+04
1.865500000000000000e+04 1.660500000000000000e+04 1.623400000000000000e+04 1.607200000000000000e+04 1.584200000000000000e+04
1.856500000000000000e+04 1.658200000000000000e+04 1.621500000000000000e+04 1.606300000000000000e+04 1.587200000000000000e+04
1.874200000000000000e+04 1.663200000000000000e+04 1.617200000000000000e+04 1.605800000000000000e+04 1.589900000000000000e+04
1.882000000000000000e+04 1.672400000000000000e+04 1.614800000000000000e+04 1.609200000000000000e+04 1.588300000000000000e+04
1.878200000000000000e+04 1.666800000000000000e+04 1.622400000000000000e+04 1.603100000000000000e+04 1.593200000000000000e+04
1.860300000000000000e+04 1.666100000000000000e+04 1.624900000000000000e+04 1.603700000000000000e+04 1.593900000000000000e+04
1.857900000000000000e+04 1.666400000000000000e+04 1.623800000000000000e+04 1.604600000000000000e+04 1.595400000000000000e+04
1.875000000000000000e+04 1.668000000000000000e+04 1.625700000000000000e+04 1.607800000000000000e+04 1.590500000000000000e+04
1.880900000000000000e+04 1.670100000000000000e+04 1.628800000000000000e+04 1.607500000000000000e+04 1.591500000000000000e+04
1.871500000000000000e+04 1.674300000000000000e+04 1.630700000000000000e+04 1.614600000000000000e+04 1.595700000000000000e+04
1.852500000000000000e+04 1.674000000000000000e+04 1.626900000000000000e+04 1.612400000000000000e+04 1.597700000000000000e+04
1.849100000000000000e+04 1.675300000000000000e+04 1.636100000000000000e+04 1.619100000000000000e+04 1.592900000000000000e+04
1.858300000000000000e+04 1.679100000000000000e+04 1.641000000000000000e+04 1.619300000000000000e+04 1.592800000000000000e+04
1.870300000000000000e+04 1.675800000000000000e+04 1.640600000000000000e+04 1.613400000000000000e+04 1.595200000000000000e+04
1.868100000000000000e+04 1.679700000000000000e+04 1.644400000000000000e+04 1.617000000000000000e+04 1.598400000000000000e+04
1.861200000000000000e+04 1.677200000000000000e+04 1.642600000000000000e+04 1.617800000000000000e+04 1.598500000000000000e+04
1.864800000000000000e+04 1.681200000000000000e+04 1.642400000000000000e+04 1.621800000000000000e+04 1.598600000000000000e+04
1.871900000000000000e+04 1.678700000000000000e+04 1.638300000000000000e+04 1.621400000000000000e+04 1.599800000000000000e+04
1.863900000000000000e+04 1.682800000000000000e+04 1.636100000000000000e+04 1.621100000000000000e+04 1.600700000000000000e+04
1.850500000000000000e+04 1.680100000000000000e+04 1.636500000000000000e+04 1.622100000000000000e+04 1.598000000000000000e+04
1.871900000000000000e+04 1.677700000000000000e+04 1.633400000000000000e+04 1.612600000000000000e+04 1.602100000000000000e+04
1.870500000000000000e+04 1.677100000000000000e+04 1.640200000000000000e+04 1.615700000000000000e+04 1.602700000000000000e+04
1.858000000000000000e+04 1.675100000000000000e+04 1.648900000000000000e+04 1.623600000000000000e+04 1.600800000000000000e+04
1.870400000000000000e+04 1.685800000000000000e+04 1.648600000000000000e+04 1.620600000000000000e+04 1.602400000000000000e+04
1.874900000000000000e+04 1.684400000000000000e+04 1.651700000000000000e+04 1.621200000000000000e+04 1.599000000000000000e+04
1.869300000000000000e+04 1.686200000000000000e+04 1.654000000000000000e+04 1.620600000000000000e+04 1.604100000000000000e+04
1.847100000000000000e+04 1.687100000000000000e+04 1.642200000000000000e+04 1.625000000000000000e+04 1.603200000000000000e+04
1.849700000000000000e+04 1.684800000000000000e+04 1.649700000000000000e+04 1.625000000000000000e+04 1.602300000000000000e+04
1.870100000000000000e+04 1.687300000000000000e+04 1.651100000000000000e+04 1.621800000000000000e+04 1.602500000000000000e+04
1.849800000000000000e+04 1.686900000000000000e+04 1.661300000000000000e+04 1.619800000000000000e+04 1.601300000000000000e+04
1.856700000000000000e+04 1.691000000000000000e+04 1.656000000000000000e+04 1.624500000000000000e+04 1.601300000000000000e+04
1.878300000000000000e+04 1.688300000000000000e+04 1.656200000000000000e+04 1.627000000000000000e+04 1.602300000000000000e+04
1.874300000000000000e+04 1.689000000000000000e+04 1.652900000000000000e+04 1.623200000000000000e+04 1.604500000000000000e+04
1.876500000000000000e+04 1.687600000000000000e+04 1.656700000000000000e+04 1.621400000000000000e+04 1.604500000000000000e+04
1.872600000000000000e+04 1.689400000000000000e+04 1.659400000000000000e+04 1.621200000000000000e+04 1.606900000000000000e+04
1.875100000000000000e+04 1.695900000000000000e+04 1.658800000000000000e+04 1.621500000000000000e+04 1.608800000000000000e+04
1.857800000000000000e+04 1.688600000000000000e+04 1.664200000000000000e+04 1.626600000000000000e+04 1.611000000000000000e+04
1.857300000000000000e+04 1.691900000000000000e+04 1.660800000000000000e+04 1.626800000000000000e+04 1.610100000000000000e+04
1.880800000000000000e+04 1.692900000000000000e+04 1.658200000000000000e+04 1.627000000000000000e+04 1.610800000000000000e+04
1.879300000000000000e+04 1.692200000000000000e+04 1.657600000000000000e+04 1.627300000000000000e+04 1.616600000000000000e+04
1.876900000000000000e+04 1.694300000000000000e+04 1.660900000000000000e+04 1.639500000000000000e+04 1.614400000000000000e+04
1.878200000000000000e+04 1.691300000000000000e+04 1.660800000000000000e+04 1.632000000000000000e+04 1.610400000000000000e+04
1.887400000000000000e+04 1.690900000000000000e+04 1.665400000000000000e+04 1.629700000000000000e+04 1.612500000000000000e+04
1.856400000000000000e+04 1.694600000000000000e+04 1.664100000000000000e+04 1.636900000000000000e+04 1.618300000000000000e+04
1.871700000000000000e+04 1.690400000000000000e+04 1.671500000000000000e+04 1.628500000000000000e+04 1.614900000000000000e+04
1.875800000000000000e+04 1.691400000000000000e+04 1.675900000000000000e+04 1.622100000000000000e+04 1.615700000000000000e+04
1.860100000000000000e+04 1.688100000000000000e+04 1.674400000000000000e+04 1.634900000000000000e+04 1.621000000000000000e+04
1.875200000000000000e+04 1.695200000000000000e+04 1.666100000000000000e+04 1.636900000000000000e+04 1.621600000000000000e+04
1.856300000000000000e+04 1.693400000000000000e+04 1.673800000000000000e+04 1.631200000000000000e+04 1.620800000000000000e+04
1.868200000000000000e+04 1.696200000000000000e+04 1.670000000000000000e+04 1.628300000000000000e+04 1.619600000000000000e+04
1.880100000000000000e+04 1.691600000000000000e+04 1.675200000000000000e+04 1.642100000000000000e+04 1.621300000000000000e+04
1.875900000000000000e+04 1.692800000000000000e+04 1.676500000000000000e+04 1.640500000000000000e+04 1.621200000000000000e+04
1.879400000000000000e+04 1.695300000000000000e+04 1.679500000000000000e+04 1.643400000000000000e+04 1.627100000000000000e+04
1.874500000000000000e+04 1.694300000000000000e+04 1.678200000000000000e+04 1.639500000000000000e+04 1.625800000000000000e+04
1.862200000000000000e+04 1.691000000000000000e+04 1.680600000000000000e+04 1.643200000000000000e+04 1.629200000000000000e+04
1.873900000000000000e+04 1.694700000000000000e+04 1.680100000000000000e+04 1.648100000000000000e+04 1.624200000000000000e+04
1.881000000000000000e+04 1.696300000000000000e+04 1.680500000000000000e+04 1.653300000000000000e+04 1.626700000000000000e+04
1.878200000000000000e+04 1.690300000000000000e+04 1.684800000000000000e+04 1.649300000000000000e+04 1.627200000000000000e+04
1.879500000000000000e+04 1.696600000000000000e+04 1.688100000000000000e+04 1.648000000000000000e+04 1.626900000000000000e+04
1.878100000000000000e+04 1.690700000000000000e+04 1.685100000000000000e+04 1.655500000000000000e+04 1.626300000000000000e+04
1.872400000000000000e+04 1.693500000000000000e+04 1.679500000000000000e+04 1.651400000000000000e+04 1.630000000000000000e+04
1.870400000000000000e+04 1.697500000000000000e+04 1.689500000000000000e+04 1.659300000000000000e+04 1.632400000000000000e+04
1.875900000000000000e+04 1.696600000000000000e+04 1.697500000000000000e+04 1.648100000000000000e+04 1.632700000000000000e+04
1.877400000000000000e+04 1.700600000000000000e+04 1.678000000000000000e+04 1.647500000000000000e+04 1.634000000000000000e+04
1.868600000000000000e+04 1.697500000000000000e+04 1.687500000000000000e+04 1.655300000000000000e+04 1.637500000000000000e+04
1.865700000000000000e+04 1.695400000000000000e+04 1.688600000000000000e+04 1.664200000000000000e+04 1.631100000000000000e+04
1.873100000000000000e+04 1.697100000000000000e+04 1.689100000000000000e+04 1.663600000000000000e+04 1.632300000000000000e+04
1.857600000000000000e+04 1.698900000000000000e+04 1.696700000000000000e+04 1.664300000000000000e+04 1.638500000000000000e+04
1.862800000000000000e+04 1.696400000000000000e+04 1.701500000000000000e+04 1.662800000000000000e+04 1.635500000000000000e+04
1.868800000000000000e+04 1.697200000000000000e+04 1.693900000000000000e+04 1.661600000000000000e+04 1.640500000000000000e+04
1.880200000000000000e+04 1.700600000000000000e+04 1.697900000000000000e+04 1.664300000000000000e+04 1.637500000000000000e+04
1.876500000000000000e+04 1.699300000000000000e+04 1.696000000000000000e+04 1.663900000000000000e+04 1.640500000000000000e+04
1.883000000000000000e+04 1.698300000000000000e+04 1.694500000000000000e+04 1.667900000000000000e+04 1.642400000000000000e+04
1.861800000000000000e+04 1.697000000000000000e+04 1.693100000000000000e+04 1.666200000000000000e+04 1.642500000000000000e+04
1.870700000000000000e+04 1.696200000000000000e+04 1.704000000000000000e+04 1.665200000000000000e+04 1.644300000000000000e+04
1.881700000000000000e+04 1.692800000000000000e+04 1.703500000000000000e+04 1.669100000000000000e+04 1.645200000000000000e+04
1.863800000000000000e+04 1.696600000000000000e+04 1.701000000000000000e+04 1.672800000000000000e+04 1.644500000000000000e+04
1.865700000000000000e+04 1.698200000000000000e+04 1.700600000000000000e+04 1.675300000000000000e+04 1.642900000000000000e+04
1.882100000000000000e+04 1.699000000000000000e+04 1.698300000000000000e+04 1.681700000000000000e+04 1.647900000000000000e+04
1.873900000000000000e+04 1.696100000000000000e+04 1.696200000000000000e+04 1.676400000000000000e+04 1.647800000000000000e+04
1.871400000000000000e+04 1.700100000000000000e+04 1.700800000000000000e+04 1.675800000000000000e+04 1.647700000000000000e+04
1.882200000000000000e+04 1.699900000000000000e+04 1.701500000000000000e+04 1.679600000000000000e+04 1.646700000000000000e+04
1.879400000000000000e+04 1.703500000000000000e+04 1.703300000000000000e+04 1.680100000000000000e+04 1.647400000000000000e+04
1.881100000000000000e+04 1.702200000000000000e+04 1.701700000000000000e+04 1.681000000000000000e+04 1.651500000000000000e+04
1.880700000000000000e+04 1.697200000000000000e+04 1.698500000000000000e+04 1.681800000000000000e+04 1.646700000000000000e+04
1.886500000000000000e+04 1.701700000000000000e+04 1.699600000000000000e+04 1.677800000000000000e+04 1.654300000000000000e+04
1.878700000000000000e+04 1.703500000000000000e+04 1.699100000000000000e+04 1.676500000000000000e+04 1.653800000000000000e+04
1.878700000000000000e+04 1.698300000000000000e+04 1.702700000000000000e+04 1.674300000000000000e+04 1.652900000000000000e+04
1.877800000000000000e+04 1.698500000000000000e+04 1.702200000000000000e+04 1.681600000000000000e+04 1.654400000000000000e+04
1.870200000000000000e+04 1.696200000000000000e+04 1.706600000000000000e+04 1.683200000000000000e+04 1.656200000000000000e+04
1.862800000000000000e+04 1.704000000000000000e+04 1.704400000000000000e+04 1.681600000000000000e+04 1.656100000000000000e+04
1.876300000000000000e+04 1.701600000000000000e+04 1.697100000000000000e+04 1.685200000000000000e+04 1.657800000000000000e+04
1.875300000000000000e+04 1.705000000000000000e+04 1.708300000000000000e+04 1.689800000000000000e+04 1.654900000000000000e+04
1.879700000000000000e+04 1.696800000000000000e+04 1.701400000000000000e+04 1.685100000000000000e+04 1.655200000000000000e+04
1.877500000000000000e+04 1.699000000000000000e+04 1.708300000000000000e+04 1.689000000000000000e+04 1.658400000000000000e+04
1.869900000000000000e+04 1.697200000000000000e+04 1.709000000000000000e+04 1.686100000000000000e+04 1.660200000000000000e+04
1.873900000000000000e+04 1.701900000000000000e+04 1.706800000000000000e+04 1.691000000000000000e+04 1.660300000000000000e+04
1.877100000000000000e+04 1.701500000000000000e+04 1.704200000000000000e+04 1.691900000000000000e+04 1.665700000000000000e+04
1.878400000000000000e+04 1.705200000000000000e+04 1.701900000000000000e+04 1.695200000000000000e+04 1.665000000000000000e+04
1.866200000000000000e+04 1.702000000000000000e+04 1.704100000000000000e+04 1.691000000000000000e+04 1.666200000000000000e+04
1.851000000000000000e+04 1.703500000000000000e+04 1.708100000000000000e+04 1.691200000000000000e+04 1.666900000000000000e+04
1.873800000000000000e+04 1.698800000000000000e+04 1.712000000000000000e+04 1.694400000000000000e+04 1.664000000000000000e+04
1.877400000000000000e+04 1.699500000000000000e+04 1.703600000000000000e+04 1.695800000000000000e+04 1.667100000000000000e+04
1.874400000000000000e+04 1.700300000000000000e+04 1.703100000000000000e+04 1.692800000000000000e+04 1.666100000000000000e+04
1.877800000000000000e+04 1.696200000000000000e+04 1.704800000000000000e+04 1.692000000000000000e+04 1.669300000000000000e+04
1.877800000000000000e+04 1.700900000000000000e+04 1.706800000000000000e+04 1.697300000000000000e+04 1.666100000000000000e+04
1.880200000000000000e+04 1.700900000000000000e+04 1.702700000000000000e+04 1.695200000000000000e+04 1.668000000000000000e+04
1.861700000000000000e+04 1.703500000000000000e+04 1.709000000000000000e+04 1.697800000000000000e+04 1.671000000000000000e+04
1.854600000000000000e+04 1.700300000000000000e+04 1.705800000000000000e+04 1.700000000000000000e+04 1.677500000000000000e+04
1.866400000000000000e+04 1.704700000000000000e+04 1.710400000000000000e+04 1.697800000000000000e+04 1.674600000000000000e+04
1.880600000000000000e+04 1.700600000000000000e+04 1.702000000000000000e+04 1.694100000000000000e+04 1.676100000000000000e+04
1.878500000000000000e+04 1.702100000000000000e+04 1.705600000000000000e+04 1.694700000000000000e+04 1.671500000000000000e+04
1.877000000000000000e+04 1.703100000000000000e+04 1.702700000000000000e+04 1.701200000000000000e+04 1.674600000000000000e+04
1.881500000000000000e+04 1.703000000000000000e+04 1.710100000000000000e+04 1.696700000000000000e+04 1.680300000000000000e+04
1.871400000000000000e+04 1.706800000000000000e+04 1.705900000000000000e+04 1.698000000000000000e+04 1.685200000000000000e+04
1.856000000000000000e+04 1.700700000000000000e+04 1.709700000000000000e+04 1.696500000000000000e+04 1.689400000000000000e+04
1.858500000000000000e+04 1.702700000000000000e+04 1.705800000000000000e+04 1.700500000000000000e+04 1.684700000000000000e+04
1.866300000000000000e+04 1.702500000000000000e+04 1.703200000000000000e+04 1.696700000000000000e+04 1.685100000000000000e+04
1.869600000000000000e+04 1.707400000000000000e+04 1.703000000000000000e+04 1.700100000000000000e+04 1.681300000000000000e+04
1.857000000000000000e+04 1.710700000000000000e+04 1.706300000000000000e+04 1.705100000000000000e+04 1.678500000000000000e+04
1.858700000000000000e+04 1.706500000000000000e+04 1.712100000000000000e+04 1.705000000000000000e+04 1.683300000000000000e+04
1.880300000000000000e+04 1.707400000000000000e+04 1.709700000000000000e+04 1.707300000000000000e+04 1.679200000000000000e+04
1.874300000000000000e+04 1.701900000000000000e+04 1.708700000000000000e+04 1.700900000000000000e+04 1.680200000000000000e+04
1.874000000000000000e+04 1.702000000000000000e+04 1.707300000000000000e+04 1.701700000000000000e+04 1.681200000000000000e+04
1.858100000000000000e+04 1.703400000000000000e+04 1.711000000000000000e+04 1.707800000000000000e+04 1.686700000000000000e+04
1.877000000000000000e+04 1.698900000000000000e+04 1.710000000000000000e+04 1.703100000000000000e+04 1.684000000000000000e+04
1.871800000000000000e+04 1.702200000000000000e+04 1.702000000000000000e+04 1.701800000000000000e+04 1.686300000000000000e+04
1.875000000000000000e+04 1.702100000000000000e+04 1.713200000000000000e+04 1.704500000000000000e+04 1.683600000000000000e+04
1.883600000000000000e+04 1.702800000000000000e+04 1.710000000000000000e+04 1.701500000000000000e+04 1.688800000000000000e+04
1.876900000000000000e+04 1.704500000000000000e+04 1.714500000000000000e+04 1.699700000000000000e+04 1.690000000000000000e+04
1.879000000000000000e+04 1.699600000000000000e+04 1.712100000000000000e+04 1.700200000000000000e+04 1.687200000000000000e+04
1.885300000000000000e+04 1.705000000000000000e+04 1.710400000000000000e+04 1.703200000000000000e+04 1.687400000000000000e+04
1.883100000000000000e+04 1.706800000000000000e+04 1.714500000000000000e+04 1.709100000000000000e+04 1.685800000000000000e+04
1.866100000000000000e+04 1.703000000000000000e+04 1.709500000000000000e+04 1.708200000000000000e+04 1.688400000000000000e+04
1.879600000000000000e+04 1.702900000000000000e+04 1.707500000000000000e+04 1.714100000000000000e+04 1.689100000000000000e+04
